0 12688.665451877057
1 280964.5441451774
2 5714.758754719097
3 14906.9496401465
4 12688.665451877057
5 14906.9496401465
6 14906.9496401465
7 14906.9496401465
8 169.78112429832265
9 42882.17321682139
10 14906.9496401465
11 280964.5441451774
12 332961.78164525516
13 14906.9496401465
14 12688.665451877057
15 12688.665451877057
16 12688.665451877057
17 14906.9496401465
18 14906.9496401465
19 1350924.2631059133
20 12688.665451877057
21 12688.665451877057
22 14906.9496401465
23 6218.337666176116
24 69111.98821998581
25 19.0
26 22071.747840024906
27 12688.665451877057
28 12688.665451877057
29 6218.337666176116
30 369.358600051808
31 14906.9496401465
32 12688.665451877057
33 14906.9496401465
34 10725.145197160646
35 280964.5441451774
36 130246.62592202671
37 19.0
38 280964.5441451774
39 14906.9496401465
40 5714.758754719097
41 14906.9496401465
42 14906.9496401465
43 5714.758754719097
44 232.30112884490413
45 14906.9496401465
46 14906.9496401465
47 12688.665451877057
48 1098686.010036972
49 14906.9496401465
50 12688.665451877057
51 14906.9496401465
52 280964.5441451774
53 20.997229614482052
54 4503.8237028701315
55 911283.9525144431
56 14906.9496401465
57 380.2947555738912
58 12688.665451877057
59 5714.758754719097
60 14906.9496401465
61 14906.9496401465
62 12688.665451877057
63 14906.9496401465
64 1350924.2631059133
65 232.30112884490413
66 1098686.010036972
67 280964.5441451774
68 1098686.010036972
69 6218.337666176116
70 12688.665451877057
71 20.997229614482052
72 911283.9525144431
73 14906.9496401465
74 12688.665451877057
75 911283.9525144431
76 12688.665451877057
77 12688.665451877057
78 5714.758754719097
79 14906.9496401465
80 12688.665451877057
81 14906.9496401465
82 14906.9496401465
83 911283.9525144431
84 1350924.2631059133
85 12688.665451877057
86 138.38959752284057
87 14906.9496401465
88 1350924.2631059133
89 5714.758754719097
90 14906.9496401465
91 911283.9525144431
92 12688.665451877057
93 5714.758754719097
94 12688.665451877057
95 12688.665451877057
96 12688.665451877057
97 14906.9496401465
98 12688.665451877057
99 14906.9496401465
100 232.30112884490413
101 33.023311570915745
102 12688.665451877057
103 14906.9496401465
104 12688.665451877057
105 14906.9496401465
106 14906.9496401465
107 14906.9496401465
108 12688.665451877057
109 12688.665451877057
110 14906.9496401465
111 911283.9525144431
112 14906.9496401465
113 14906.9496401465
114 20.997229614482052
115 12688.665451877057
116 4503.8237028701315
117 14906.9496401465
118 14906.9496401465
119 19.0
120 12688.665451877057
121 14906.9496401465
122 14906.9496401465
123 169.78112429832265
124 280964.5441451774
125 12688.665451877057
126 12688.665451877057
127 12688.665451877057
128 12688.665451877057
129 5714.758754719097
130 280964.5441451774
131 12688.665451877057
132 232.30112884490413
133 12688.665451877057
134 371.3593076620015
135 5714.758754719097
136 4503.8237028701315
137 12688.665451877057
138 911283.9525144431
139 14906.9496401465
140 12688.665451877057
141 12688.665451877057
142 12688.665451877057
143 1098686.010036972
144 232.30112884490413
145 12688.665451877057
146 14906.9496401465
147 12688.665451877057
148 1350924.2631059133
149 12688.665451877057
150 232.30112884490413
151 14906.9496401465
152 280964.5441451774
153 12688.665451877057
154 775.6911045565896
155 911283.9525144431
156 14906.9496401465
157 42882.17321682139
158 12688.665451877057
159 1350924.2631059133
160 80184.7928603619
161 14906.9496401465
162 12688.665451877057
163 14906.9496401465
164 1350924.2631059133
165 271.2307015773854
166 1350924.2631059133
167 911283.9525144431
168 1350924.2631059133
169 280964.5441451774
170 12688.665451877057
171 6218.337666176116
172 4503.8237028701315
173 14906.9496401465
174 908.4753958128684
175 911283.9525144431
176 280964.5441451774
177 911283.9525144431
178 1350924.2631059133
179 14906.9496401465
180 14906.9496401465
181 14906.9496401465
182 14906.9496401465
183 19.0
184 16583.981231843445
185 232.30112884490413
186 271.2307015773854
187 14906.9496401465
188 19.06511264183986
189 280964.5441451774
190 80184.7928603619
191 280964.5441451774
192 12688.665451877057
193 271.2307015773854
194 12688.665451877057
195 14906.9496401465
196 199.59324685323244
197 232.30112884490413
198 232.30112884490413
199 14906.9496401465
200 271.2307015773854
201 5714.758754719097
202 232.30112884490413
203 14906.9496401465
204 169.78112429832265
205 14906.9496401465
206 14906.9496401465
207 12688.665451877057
208 232.30112884490413
209 12688.665451877057
210 14906.9496401465
211 911283.9525144431
212 12688.665451877057
213 14906.9496401465
214 12688.665451877057
215 232.30112884490413
216 232.30112884490413
217 14906.9496401465
218 10725.145197160646
219 5714.758754719097
220 280964.5441451774
221 14906.9496401465
222 14906.9496401465
223 12688.665451877057
224 280964.5441451774
225 12688.665451877057
226 12688.665451877057
227 12688.665451877057
228 12688.665451877057
229 1350924.2631059133
230 911283.9525144431
231 14906.9496401465
232 14906.9496401465
233 12688.665451877057
234 29509.360279671848
235 12688.665451877057
236 4503.8237028701315
237 380.2947555738912
238 169.78112429832265
239 14906.9496401465
240 169.78112429832265
241 12688.665451877057
242 12688.665451877057
243 1350924.2631059133
244 232.30112884490413
245 14906.9496401465
246 12688.665451877057
247 20.997229614482052
248 1350924.2631059133
249 14906.9496401465
250 14906.9496401465
251 14906.9496401465
252 280964.5441451774
253 14906.9496401465
254 6218.337666176116
255 20.997229614482052
256 14906.9496401465
257 1098686.010036972
258 12688.665451877057
259 19.0
260 80184.7928603619
261 14906.9496401465
262 12688.665451877057
263 14906.9496401465
264 1350924.2631059133
265 12688.665451877057
266 19.0
267 911283.9525144431
268 5714.758754719097
269 911283.9525144431
270 199.59324685323244
271 280964.5441451774
272 232.30112884490413
273 14906.9496401465
274 908.4753958128684
275 19.0
276 12688.665451877057
277 911283.9525144431
278 371.3593076620015
279 14906.9496401465
280 232.30112884490413
281 14906.9496401465
282 14906.9496401465
283 6218.337666176116
284 210438.0949484556
285 169.78112429832265
286 113.61479482463284
287 14906.9496401465
288 5714.758754719097
289 911283.9525144431
290 199.59324685323244
291 18.754712733390395
292 232.30112884490413
293 380.2947555738912
294 10725.145197160646
295 14906.9496401465
296 199.59324685323244
297 12688.665451877057
298 12688.665451877057
299 14906.9496401465
300 12688.665451877057
301 42882.17321682139
302 12688.665451877057
303 14906.9496401465
304 12688.665451877057
305 14906.9496401465
306 14906.9496401465
307 14906.9496401465
308 232.30112884490413
309 280964.5441451774
310 14906.9496401465
311 19.0
312 14906.9496401465
313 14906.9496401465
314 12688.665451877057
315 96.56326755453794
316 12688.665451877057
317 14906.9496401465
318 10725.145197160646
319 12688.665451877057
320 280964.5441451774
321 14906.9496401465
322 14906.9496401465
323 12688.665451877057
324 669.1992368049503
325 12688.665451877057
326 280964.5441451774
327 6218.337666176116
328 12688.665451877057
329 19.0
330 911283.9525144431
331 14906.9496401465
332 14906.9496401465
333 14906.9496401465
334 232.30112884490413
335 271.2307015773854
336 12688.665451877057
337 232.30112884490413
338 113.61479482463284
339 14906.9496401465
340 6218.337666176116
341 280964.5441451774
342 14906.9496401465
343 19.0
344 271.2307015773854
345 14906.9496401465
346 14906.9496401465
347 12688.665451877057
348 1098686.010036972
349 14906.9496401465
350 12688.665451877057
351 14906.9496401465
352 911283.9525144431
353 14906.9496401465
354 4503.8237028701315
355 5714.758754719097
356 14906.9496401465
357 1350924.2631059133
358 232.30112884490413
359 42882.17321682139
360 1098686.010036972
361 14906.9496401465
362 12688.665451877057
363 14906.9496401465
364 1350924.2631059133
365 380.2947555738912
366 12688.665451877057
367 911283.9525144431
368 280964.5441451774
369 19.0
370 12688.665451877057
371 5714.758754719097
372 29509.360279671848
373 14906.9496401465
374 232.30112884490413
375 5714.758754719097
376 12688.665451877057
377 20.69760706339708
378 22071.747840024906
379 14906.9496401465
380 12688.665451877057
381 14906.9496401465
382 14906.9496401465
383 14906.9496401465
384 1098686.010036972
385 12688.665451877057
386 12688.665451877057
387 14906.9496401465
388 12688.665451877057
389 19.0
390 14906.9496401465
391 5714.758754719097
392 14906.9496401465
393 5714.758754719097
394 280964.5441451774
395 14906.9496401465
396 348.83017650083895
397 232.30112884490413
398 12688.665451877057
399 14906.9496401465
400 301205.0787535814
401 1350924.2631059133
402 232.30112884490413
403 14906.9496401465
404 232.30112884490413
405 14906.9496401465
406 14906.9496401465
407 14906.9496401465
408 6218.337666176116
409 911283.9525144431
410 14906.9496401465
411 12688.665451877057
412 10725.145197160646
413 14906.9496401465
414 280964.5441451774
415 12688.665451877057
416 14906.9496401465
417 14906.9496401465
418 14906.9496401465
419 280964.5441451774
420 5714.758754719097
421 12688.665451877057
422 14906.9496401465
423 12688.665451877057
424 65130.49372061358
425 20.997229614482052
426 22071.747840024906
427 42882.17321682139
428 271.2307015773854
429 12688.665451877057
430 151.82755829050942
431 232.30112884490413
432 12688.665451877057
433 14906.9496401465
434 10725.145197160646
435 6218.337666176116
436 4503.8237028701315
437 271.2307015773854
438 6218.337666176116
439 14906.9496401465
440 12688.665451877057
441 911283.9525144431
442 14906.9496401465
443 12688.665451877057
444 12688.665451877057
445 14906.9496401465
446 14906.9496401465
447 14906.9496401465
448 18.513649245630752
449 14906.9496401465
450 12688.665451877057
451 14906.9496401465
452 169.78112429832265
453 14906.9496401465
454 10725.145197160646
455 12688.665451877057
456 14906.9496401465
457 19.0
458 14906.9496401465
459 5714.758754719097
460 1350924.2631059133
461 14906.9496401465
462 232.30112884490413
463 14906.9496401465
464 5714.758754719097
465 5714.758754719097
466 280964.5441451774
467 12688.665451877057
468 5714.758754719097
469 12688.665451877057
470 12688.665451877057
471 42882.17321682139
472 14906.9496401465
473 14906.9496401465
474 12688.665451877057
475 1098686.010036972
476 19.0
477 5714.758754719097
478 10725.145197160646
479 14906.9496401465
480 14906.9496401465
481 14906.9496401465
482 14906.9496401465
483 232.30112884490413
484 14906.9496401465
485 280964.5441451774
486 12688.665451877057
487 14906.9496401465
488 12688.665451877057
489 5714.758754719097
490 698605.4340244863
491 42882.17321682139
492 14906.9496401465
493 280964.5441451774
494 280964.5441451774
495 14906.9496401465
496 16583.981231843445
497 12688.665451877057
498 14906.9496401465
499 14906.9496401465
500 301205.0787535814
501 1350924.2631059133
502 271.2307015773854
503 14906.9496401465
504 12688.665451877057
505 12688.665451877057
506 14906.9496401465
507 12688.665451877057
508 1098686.010036972
509 911283.9525144431
510 12688.665451877057
511 14906.9496401465
512 10725.145197160646
513 14906.9496401465
514 5714.758754719097
515 280964.5441451774
516 232.30112884490413
517 14906.9496401465
518 10725.145197160646
519 5714.758754719097
520 1098686.010036972
521 271.2307015773854
522 14906.9496401465
523 280964.5441451774
524 130246.62592202671
525 5714.758754719097
526 22071.747840024906
527 280964.5441451774
528 20.997229614482052
529 271.2307015773854
530 5714.758754719097
531 19.0
532 12688.665451877057
533 14906.9496401465
534 280964.5441451774
535 42882.17321682139
536 14906.9496401465
537 6218.337666176116
538 1098686.010036972
539 14906.9496401465
540 280964.5441451774
541 29509.360279671848
542 12688.665451877057
543 232.30112884490413
544 271.2307015773854
545 14906.9496401465
546 14906.9496401465
547 14906.9496401465
548 5714.758754719097
549 14906.9496401465
550 232.30112884490413
551 14906.9496401465
552 6218.337666176116
553 12688.665451877057
554 280964.5441451774
555 12688.665451877057
556 14906.9496401465
557 42882.17321682139
558 14906.9496401465
559 12688.665451877057
560 1350924.2631059133
561 14906.9496401465
562 20.997229614482052
563 14906.9496401465
564 280964.5441451774
565 546576.9299906174
566 5714.758754719097
567 232.30112884490413
568 12688.665451877057
569 280964.5441451774
570 12688.665451877057
571 1350924.2631059133
572 4503.8237028701315
573 14906.9496401465
574 18.448170121004274
575 1350924.2631059133
576 6218.337666176116
577 5714.758754719097
578 232.30112884490413
579 12688.665451877057
580 12688.665451877057
581 14906.9496401465
582 14906.9496401465
583 20.997229614482052
584 4503.8237028701315
585 6218.337666176116
586 12688.665451877057
587 14906.9496401465
588 12688.665451877057
589 1350924.2631059133
590 698605.4340244863
591 12688.665451877057
592 12688.665451877057
593 5714.758754719097
594 22071.747840024906
595 14906.9496401465
596 199.59324685323244
597 271.2307015773854
598 14906.9496401465
599 14906.9496401465
600 29509.360279671848
601 1350924.2631059133
602 14906.9496401465
603 14906.9496401465
604 12688.665451877057
605 12688.665451877057
606 14906.9496401465
607 12688.665451877057
608 20.997229614482052
609 911283.9525144431
610 232.30112884490413
611 14906.9496401465
612 16583.981231843445
613 14906.9496401465
614 1098686.010036972
615 911283.9525144431
616 271.2307015773854
617 14906.9496401465
618 10725.145197160646
619 5714.758754719097
620 1350924.2631059133
621 12688.665451877057
622 14906.9496401465
623 20.997229614482052
624 232.30112884490413
625 14906.9496401465
626 280964.5441451774
627 911283.9525144431
628 5714.758754719097
629 20.997229614482052
630 42882.17321682139
631 5714.758754719097
632 14906.9496401465
633 14906.9496401465
634 201831.87126720752
635 1098686.010036972
636 12688.665451877057
637 42882.17321682139
638 1350924.2631059133
639 14906.9496401465
640 280964.5441451774
641 14906.9496401465
642 12688.665451877057
643 12688.665451877057
644 5714.758754719097
645 14906.9496401465
646 232.30112884490413
647 232.30112884490413
648 1098686.010036972
649 14906.9496401465
650 12688.665451877057
651 14906.9496401465
652 5714.758754719097
653 14906.9496401465
654 280964.5441451774
655 280964.5441451774
656 14906.9496401465
657 1350924.2631059133
658 12688.665451877057
659 280964.5441451774
660 1350924.2631059133
661 14906.9496401465
662 12688.665451877057
663 14906.9496401465
664 911283.9525144431
665 1350924.2631059133
666 210438.0949484556
667 14906.9496401465
668 12688.665451877057
669 5714.758754719097
670 911283.9525144431
671 19.0
672 14906.9496401465
673 14906.9496401465
674 380.2947555738912
675 19.0
676 42882.17321682139
677 1350924.2631059133
678 22071.747840024906
679 14906.9496401465
680 12688.665451877057
681 14906.9496401465
682 14906.9496401465
683 5714.758754719097
684 14975.311595994874
685 6218.337666176116
686 280964.5441451774
687 14906.9496401465
688 14906.9496401465
689 19.0
690 14906.9496401465
691 14906.9496401465
692 14906.9496401465
693 12688.665451877057
694 280964.5441451774
695 14906.9496401465
696 16583.981231843445
697 14906.9496401465
698 12688.665451877057
699 14906.9496401465
700 12688.665451877057
701 1350924.2631059133
702 232.30112884490413
703 14906.9496401465
704 280964.5441451774
705 12688.665451877057
706 14906.9496401465
707 12688.665451877057
708 5714.758754719097
709 19.0
710 14906.9496401465
711 14906.9496401465
712 10725.145197160646
713 14906.9496401465
714 1350924.2631059133
715 911283.9525144431
716 54.55440512751208
717 14906.9496401465
718 10725.145197160646
719 12688.665451877057
720 19.06511264183986
721 14906.9496401465
722 14906.9496401465
723 5714.758754719097
724 29509.360279671848
725 232.30112884490413
726 14906.9496401465
727 911283.9525144431
728 1098686.010036972
729 5714.758754719097
730 1350924.2631059133
731 1350924.2631059133
732 14906.9496401465
733 12688.665451877057
734 371.3593076620015
735 169.78112429832265
736 4503.8237028701315
737 1350924.2631059133
738 19.0
739 14906.9496401465
740 5714.758754719097
741 12688.665451877057
742 12688.665451877057
743 169.78112429832265
744 12688.665451877057
745 14906.9496401465
746 20.997229614482052
747 271.2307015773854
748 1350924.2631059133
749 12688.665451877057
750 12688.665451877057
751 14906.9496401465
752 5714.758754719097
753 14906.9496401465
754 113.61479482463284
755 12688.665451877057
756 14906.9496401465
757 19.0
758 14906.9496401465
759 911283.9525144431
760 19.0
761 14906.9496401465
762 232.30112884490413
763 14906.9496401465
764 19.0
765 19.0
766 210438.0949484556
767 14906.9496401465
768 12688.665451877057
769 280964.5441451774
770 20.997229614482052
771 5714.758754719097
772 14906.9496401465
773 14906.9496401465
774 280964.5441451774
775 12688.665451877057
776 5714.758754719097
777 19.0
778 22071.747840024906
779 14906.9496401465
780 232.30112884490413
781 14906.9496401465
782 14906.9496401465
783 42882.17321682139
784 16583.981231843445
785 280964.5441451774
786 5714.758754719097
787 14906.9496401465
788 232.30112884490413
789 12688.665451877057
790 669.1992368049503
791 4503.8237028701315
792 232.30112884490413
793 14906.9496401465
794 10725.145197160646
795 14906.9496401465
796 12688.665451877057
797 232.30112884490413
798 12688.665451877057
799 14906.9496401465
800 29509.360279671848
801 1350924.2631059133
802 169.78112429832265
803 14906.9496401465
804 232.30112884490413
805 14906.9496401465
806 14906.9496401465
807 12688.665451877057
808 280964.5441451774
809 5714.758754719097
810 232.30112884490413
811 14906.9496401465
812 10725.145197160646
813 14906.9496401465
814 19.0
815 19.0
816 5714.758754719097
817 14906.9496401465
818 14906.9496401465
819 280964.5441451774
820 5714.758754719097
821 12688.665451877057
822 14906.9496401465
823 14906.9496401465
824 10725.145197160646
825 20.997229614482052
826 14906.9496401465
827 19.0
828 1350924.2631059133
829 1098686.010036972
830 42882.17321682139
831 1350924.2631059133
832 14906.9496401465
833 12688.665451877057
834 371.3593076620015
835 6218.337666176116
836 12688.665451877057
837 19.0
838 5714.758754719097
839 14906.9496401465
840 232.30112884490413
841 12688.665451877057
842 301205.0787535814
843 54.55440512751208
844 12688.665451877057
845 14906.9496401465
846 6218.337666176116
847 12688.665451877057
848 1350924.2631059133
849 14906.9496401465
850 12688.665451877057
851 14906.9496401465
852 280964.5441451774
853 14906.9496401465
854 113.61479482463284
855 280964.5441451774
856 14906.9496401465
857 5714.758754719097
858 14906.9496401465
859 911283.9525144431
860 301205.0787535814
861 14906.9496401465
862 12688.665451877057
863 14906.9496401465
864 5714.758754719097
865 280964.5441451774
866 20.997229614482052
867 14906.9496401465
868 280964.5441451774
869 911283.9525144431
870 14906.9496401465
871 12688.665451877057
872 14906.9496401465
873 14906.9496401465
874 911283.9525144431
875 12688.665451877057
876 1098686.010036972
877 5714.758754719097
878 210438.0949484556
879 14906.9496401465
880 271.2307015773854
881 12688.665451877057
882 14906.9496401465
883 280964.5441451774
884 911283.9525144431
885 280964.5441451774
886 1350924.2631059133
887 14906.9496401465
888 12688.665451877057
889 113.61479482463284
890 669.1992368049503
891 232.30112884490413
892 12688.665451877057
893 232.30112884490413
894 10725.145197160646
895 14906.9496401465
896 14906.9496401465
897 271.2307015773854
898 232.30112884490413
899 14906.9496401465
900 5714.758754719097
901 19.0
902 12688.665451877057
903 14906.9496401465
904 271.2307015773854
905 12688.665451877057
906 14906.9496401465
907 301205.0787535814
908 271.2307015773854
909 12688.665451877057
910 12688.665451877057
911 14906.9496401465
912 69111.98821998581
913 14906.9496401465
914 280964.5441451774
915 20.997229614482052
916 5714.758754719097
917 14906.9496401465
918 940.5750467679037
919 911283.9525144431
920 280964.5441451774
921 14906.9496401465
922 14906.9496401465
923 12688.665451877057
924 130246.62592202671
925 12688.665451877057
926 12688.665451877057
927 12688.665451877057
928 1350924.2631059133
929 1350924.2631059133
930 1350924.2631059133
931 19.0
932 14906.9496401465
933 12688.665451877057
934 29509.360279671848
935 12688.665451877057
936 12688.665451877057
937 5714.758754719097
938 280964.5441451774
939 12688.665451877057
940 12688.665451877057
941 12688.665451877057
942 371.3593076620015
943 5714.758754719097
944 12688.665451877057
945 14906.9496401465
946 42882.17321682139
947 155.98819670834237
948 4503.8237028701315
949 14906.9496401465
950 280964.5441451774
951 14906.9496401465
952 20.997229614482052
953 14906.9496401465
954 1382868.7571840002
955 5714.758754719097
956 14906.9496401465
957 271.2307015773854
958 14906.9496401465
959 911283.9525144431
960 911283.9525144431
961 14906.9496401465
962 12688.665451877057
963 14906.9496401465
964 12688.665451877057
965 280964.5441451774
966 5714.758754719097
967 14906.9496401465
968 42882.17321682139
969 19.0
970 14906.9496401465
971 12688.665451877057
972 14906.9496401465
973 14906.9496401465
974 911283.9525144431
975 18.754712733390395
976 1350924.2631059133
977 280964.5441451774
978 1193176.4434229454
979 14906.9496401465
980 12688.665451877057
981 12688.665451877057
982 14906.9496401465
983 911283.9525144431
984 14975.311595994874
985 42882.17321682139
986 1350924.2631059133
987 14906.9496401465
988 12688.665451877057
989 12688.665451877057
990 14906.9496401465
991 271.2307015773854
992 12688.665451877057
993 20.997229614482052
994 232.30112884490413
995 14906.9496401465
996 14906.9496401465
997 12688.665451877057
998 271.2307015773854
999 14906.9496401465
1000 301205.0787535814
1001 42882.17321682139
1002 280964.5441451774
1003 14906.9496401465
1004 5714.758754719097
1005 14906.9496401465
1006 14906.9496401465
1007 4503.8237028701315
1008 12688.665451877057
1009 12688.665451877057
1010 12688.665451877057
1011 14906.9496401465
1012 14906.9496401465
1013 14906.9496401465
1014 12688.665451877057
1015 6218.337666176116
1016 12688.665451877057
1017 14906.9496401465
1018 16583.981231843445
1019 19.0
1020 911283.9525144431
1021 14906.9496401465
1022 14906.9496401465
1023 12688.665451877057
1024 130246.62592202671
1025 12688.665451877057
1026 232.30112884490413
1027 911283.9525144431
1028 19.0
1029 1350924.2631059133
1030 963.6702374516135
1031 5714.758754719097
1032 14906.9496401465
1033 12688.665451877057
1034 201831.87126720752
1035 280964.5441451774
1036 4503.8237028701315
1037 280964.5441451774
1038 12688.665451877057
1039 12688.665451877057
1040 232.30112884490413
1041 20.997229614482052
1042 12688.665451877057
1043 6218.337666176116
1044 14906.9496401465
1045 14906.9496401465
1046 1350924.2631059133
1047 12688.665451877057
1048 12688.665451877057
1049 14906.9496401465
1050 5714.758754719097
1051 14906.9496401465
1052 14906.9496401465
1053 12688.665451877057
1054 14906.9496401465
1055 42882.17321682139
1056 14906.9496401465
1057 280964.5441451774
1058 12688.665451877057
1059 19.0
1060 19.0
1061 14906.9496401465
1062 271.2307015773854
1063 14906.9496401465
1064 14906.9496401465
1065 911283.9525144431
1066 546576.9299906174
1067 14906.9496401465
1068 14906.9496401465
1069 5714.758754719097
1070 14906.9496401465
1071 232.30112884490413
1072 14906.9496401465
1073 14906.9496401465
1074 911283.9525144431
1075 280964.5441451774
1076 1350924.2631059133
1077 911283.9525144431
1078 963.6702374516135
1079 14906.9496401465
1080 232.30112884490413
1081 12688.665451877057
1082 14906.9496401465
1083 911283.9525144431
1084 301205.0787535814
1085 33.023311570915745
1086 19.0
1087 14906.9496401465
1088 280964.5441451774
1089 5714.758754719097
1090 669.1992368049503
1091 14906.9496401465
1092 232.30112884490413
1093 5714.758754719097
1094 20.997229614482052
1095 14906.9496401465
1096 14906.9496401465
1097 12688.665451877057
1098 199.59324685323244
1099 14906.9496401465
