0 4997.771822615156
1 7641.432151477671
2 18850.13781290033
3 845772.5651839996
4 104.25087505771695
5 845772.5651839996
6 4950.216232202909
7 356206.7395264414
8 4950.216232202909
9 17275.159150746433
10 0.00012580195509229538
11 845772.5651839996
12 0.6278969894699283
13 765029.5506382446
14 0.8843381464391296
15 149879.79892159603
16 59244.662600539035
17 75.26611707175519
18 20814.565621410995
19 20.753733763452214
20 2441.023044234755
21 36.98227819004172
22 0.03486822988913841
23 0.6278969894699283
24 0.001144012562491364
25 1866216.417984
26 2164.776068641666
27 845772.5651839996
28 0.0021085433179441524
29 149879.79892159603
30 129.72729260300898
31 554105.1344190743
32 75.26611707175519
33 21.177619680879623
34 1866216.417984
35 7641.432151477671
36 7641.432151477671
37 845772.5651839996
38 183576.27118522738
39 1.6804491224144245
40 4950.216232202909
41 19.42477330744441
42 16.61285520250695
43 1708.9213606440935
44 0.3401500498296595
45 27270.723441154743
46 7641.432151477671
47 0.00012580195509229538
48 4997.771822615156
49 0.005137304603450476
50 84.62599109005966
51 599843.9079975794
52 0.00012580195509229538
53 2262.1784047773804
54 21.177619680879623
55 38309.828330515666
56 24.623082310699704
57 0.03486822988913841
58 599843.9079975794
59 27270.723441154743
60 104.25087505771695
61 11.348679218006192
62 27270.723441154743
63 49.39989163371574
64 11.348679218006192
65 20.753733763452214
66 3205.7525536804555
67 104.25087505771695
68 27270.723441154743
69 30.764204938372213
70 0.00012580195509229538
71 17275.159150746433
72 59244.662600539035
73 4.48355854490903
74 4997.771822615156
75 1.375082500357719
76 19.0
77 0.005137304603450476
78 845772.5651839996
79 11.348679218006192
80 472.3454044936252
81 554105.1344190743
82 38309.828330515666
83 0.00012580195509229538
84 274014.16157914826
85 0.0021085433179441524
86 24.623082310699704
87 845772.5651839996
88 0.8843381464391296
89 84.62599109005966
90 19.0
91 0.012302891528836242
92 1866216.417984
93 36.98227819004172
94 0.03486822988913841
95 0.00012580195509229538
96 1071517.3283393618
97 104.25087505771695
98 0.00012580195509229538
99 4950.216232202909
100 815256.86306742
101 1866216.417984
102 11847.760899163377
103 845772.5651839996
104 104.25087505771695
105 845772.5651839996
106 554105.1344190743
107 845772.5651839996
108 19.42477330744441
109 85376.47096000933
110 0.00012580195509229538
111 845772.5651839996
112 21.177619680879623
113 30.764204938372213
114 0.6278969894699283
115 815256.86306742
116 1866216.417984
117 787.5995780114274
118 49.39989163371574
119 0.3401500498296595
120 43.51282388547151
121 30.764204938372213
122 0.012302891528836242
123 5.19683926185085
124 36.98227819004172
125 1866216.417984
126 183576.27118522738
127 4950.216232202909
128 0.0021085433179441524
129 365814.57280290383
130 104.25087505771695
131 845772.5651839996
132 11.348679218006192
133 36.98227819004172
134 1866216.417984
135 346475.77548102743
136 7641.432151477671
137 845772.5651839996
138 149879.79892159603
139 20.753733763452214
140 1313.5831564407006
141 17275.159150746433
142 16.61285520250695
143 75.26611707175519
144 0.03486822988913841
145 1866216.417984
146 787.9730761662802
147 0.00012580195509229538
148 4997.771822615156
149 0.00012580195509229538
150 424.65146547851293
151 1866216.417984
152 0.00012580195509229538
153 787.5995780114274
154 931.1496054788082
155 274014.16157914826
156 75.26611707175519
157 0.03486822988913841
158 1866216.417984
159 185471.41178687473
160 1.375082500357719
161 30.764204938372213
162 59244.662600539035
163 7641.432151477671
164 1.6804491224144245
165 104.25087505771695
166 3205.7525536804555
167 30.764204938372213
168 1866216.417984
169 555.1903878693519
170 0.00012580195509229538
171 114874.52441345513
172 1.375082500357719
173 1.6804491224144245
174 59244.662600539035
175 0.8843381464391296
176 18850.13781290033
177 1.375082500357719
178 27469.858876146212
179 21.177619680879623
180 555.1903878693519
181 0.8843381464391296
182 815256.86306742
183 0.005137304603450476
184 845772.5651839996
185 0.0021085433179441524
186 0.8843381464391296
187 19.0
188 0.03486822988913841
189 36.98227819004172
190 46186.38044753136
191 0.3401500498296595
192 1866216.417984
193 30.764204938372213
194 1.375082500357719
195 0.00012580195509229538
196 19.0
197 787.5995780114274
198 0.00012580195509229538
199 1313.5831564407006
200 845772.5651839996
201 1866216.417984
202 75.26611707175519
203 19.0
204 49.39989163371574
205 19.0
206 346475.77548102743
207 19.0
208 38309.828330515666
209 845772.5651839996
210 0.00012580195509229538
211 845772.5651839996
212 424.65146547851293
213 672.7746460701507
214 0.8843381464391296
215 424.65146547851293
216 185.56168656993285
217 104.25087505771695
218 49.39989163371574
219 0.012302891528836242
220 301.15357239372446
221 253.91645751771415
222 0.3401500498296595
223 30.764204938372213
224 1.375082500357719
225 19.0
226 38309.828330515666
227 104.25087505771695
228 0.012302891528836242
229 845772.5651839996
230 1313.5831564407006
231 19.0
232 30.764204938372213
233 253.91645751771415
234 1866216.417984
235 845772.5651839996
236 1071517.3283393618
237 845772.5651839996
238 424.65146547851293
239 36.98227819004172
240 4950.216232202909
241 104.25087505771695
242 43.51282388547151
243 253.91645751771415
244 1.375082500357719
245 19.0
246 4950.216232202909
247 0.00012580195509229538
248 346475.77548102743
249 0.00012580195509229538
250 38309.828330515666
251 1866216.417984
252 0.00012580195509229538
253 253.91645751771415
254 2441.023044234755
255 845772.5651839996
256 3205.7525536804555
257 0.012302891528836242
258 1866216.417984
259 1866216.417984
260 30.764204938372213
261 472.3454044936252
262 787.5995780114274
263 183576.27118522738
264 0.03486822988913841
265 787.5995780114274
266 864.1484676802587
267 21.177619680879623
268 1866216.417984
269 2578.7978682472117
270 0.00012580195509229538
271 30.764204938372213
272 2441.023044234755
273 11.348679218006192
274 11847.760899163377
275 0.012302891528836242
276 38309.828330515666
277 1.375082500357719
278 4950.216232202909
279 253.91645751771415
280 104.25087505771695
281 129.72729260300898
282 845772.5651839996
283 0.00012580195509229538
284 845772.5651839996
285 0.005137304603450476
286 0.8843381464391296
287 7641.432151477671
288 0.012302891528836242
289 30.764204938372213
290 183576.27118522738
291 0.8843381464391296
292 1866216.417984
293 43.51282388547151
294 0.8843381464391296
295 0.00012580195509229538
296 7641.432151477671
297 301.15357239372446
298 0.00012580195509229538
299 85376.47096000933
300 845772.5651839996
301 1866216.417984
302 30.764204938372213
303 787.5995780114274
304 1313.5831564407006
305 4950.216232202909
306 765029.5506382446
307 17275.159150746433
308 19.0
309 40641.55017419644
310 0.00012580195509229538
311 845772.5651839996
312 599843.9079975794
313 4950.216232202909
314 21.177619680879623
315 4950.216232202909
316 1313.5831564407006
317 84.62599109005966
318 17275.159150746433
319 0.03486822988913841
320 2578.7978682472117
321 129.72729260300898
322 0.8843381464391296
323 5.19683926185085
324 1.375082500357719
325 27270.723441154743
326 18850.13781290033
327 49.39989163371574
328 0.03486822988913841
329 845772.5651839996
330 183576.27118522738
331 38309.828330515666
332 36.98227819004172
333 21.177619680879623
334 1866216.417984
335 845772.5651839996
336 1071517.3283393618
337 845772.5651839996
338 18850.13781290033
339 301.15357239372446
340 59244.662600539035
341 633.4259427973516
342 931.1496054788082
343 1708.9213606440935
344 0.8843381464391296
345 4950.216232202909
346 1313.5831564407006
347 0.00012580195509229538
348 2262.1784047773804
349 0.005137304603450476
350 815256.86306742
351 19.0
352 0.00012580195509229538
353 2578.7978682472117
354 815256.86306742
355 19.0
356 27270.723441154743
357 0.03486822988913841
358 1866216.417984
359 19.0
360 30.764204938372213
361 4950.216232202909
362 633.4259427973516
363 59244.662600539035
364 0.00012580195509229538
365 4950.216232202909
366 2115.3565930299296
367 11.348679218006192
368 1866216.417984
369 40641.55017419644
370 0.00012580195509229538
371 2441.023044234755
372 2441.023044234755
373 21.177619680879623
374 46186.38044753136
375 0.03486822988913841
376 27270.723441154743
377 11.348679218006192
378 17275.159150746433
379 11.348679218006192
380 1313.5831564407006
381 129.72729260300898
382 845772.5651839996
383 0.00012580195509229538
384 845772.5651839996
385 0.00012580195509229538
386 787.5995780114274
387 1866216.417984
388 0.3401500498296595
389 253.91645751771415
390 1866216.417984
391 5.19683926185085
392 1866216.417984
393 301.15357239372446
394 11.348679218006192
395 0.00012580195509229538
396 185471.41178687473
397 4950.216232202909
398 0.00012580195509229538
399 2441.023044234755
400 19.0
401 19.0
402 30.764204938372213
403 787.5995780114274
404 7641.432151477671
405 5.19683926185085
406 765029.5506382446
407 27270.723441154743
408 2441.023044234755
409 11847.760899163377
410 0.00012580195509229538
411 19.0
412 1.6804491224144245
413 104.25087505771695
414 253.91645751771415
415 59244.662600539035
416 18850.13781290033
417 2578.7978682472117
418 1.375082500357719
419 0.012302891528836242
420 633.4259427973516
421 43.51282388547151
422 0.3401500498296595
423 24.623082310699704
424 2115.3565930299296
425 1866216.417984
426 1866216.417984
427 19.42477330744441
428 0.012302891528836242
429 19.0
430 599843.9079975794
431 815256.86306742
432 253.91645751771415
433 30.764204938372213
434 1866216.417984
435 845772.5651839996
436 19.0
437 19.0
438 149879.79892159603
439 104.25087505771695
440 104.25087505771695
441 183576.27118522738
442 864.1484676802587
443 18850.13781290033
444 0.8843381464391296
445 85376.47096000933
446 27270.723441154743
447 0.00012580195509229538
448 4950.216232202909
449 0.005137304603450476
450 424.65146547851293
451 787.5995780114274
452 0.00012580195509229538
453 46186.38044753136
454 17275.159150746433
455 75.26611707175519
456 30.764204938372213
457 0.6278969894699283
458 19.0
459 21.177619680879623
460 30.764204938372213
461 114874.52441345513
462 27270.723441154743
463 183576.27118522738
464 0.0021085433179441524
465 19.42477330744441
466 3205.7525536804555
467 1.6804491224144245
468 19.0
469 49.39989163371574
470 0.00012580195509229538
471 75.26611707175519
472 2441.023044234755
473 253.91645751771415
474 114874.52441345513
475 0.3401500498296595
476 11847.760899163377
477 21.177619680879623
478 107565.21553529492
479 20.753733763452214
480 4950.216232202909
481 19.0
482 19.0
483 0.005137304603450476
484 845772.5651839996
485 0.00012580195509229538
486 17275.159150746433
487 1866216.417984
488 0.3401500498296595
489 301.15357239372446
490 1866216.417984
491 24.623082310699704
492 1866216.417984
493 1.375082500357719
494 30.764204938372213
495 0.00012580195509229538
496 1866216.417984
497 19.42477330744441
498 0.00012580195509229538
499 17275.159150746433
500 11847.760899163377
501 27270.723441154743
502 75.26611707175519
503 75.26611707175519
504 84.62599109005966
505 36.98227819004172
506 185.56168656993285
507 1866216.417984
508 11847.760899163377
509 43.51282388547151
510 0.00012580195509229538
511 787.5995780114274
512 1.6804491224144245
513 104.25087505771695
514 2441.023044234755
515 845772.5651839996
516 554105.1344190743
517 633.4259427973516
518 21.177619680879623
519 0.03486822988913841
520 18850.13781290033
521 129.72729260300898
522 0.6278969894699283
523 21.177619680879623
524 59244.662600539035
525 1866216.417984
526 1866216.417984
527 4950.216232202909
528 0.012302891528836242
529 104.25087505771695
530 183576.27118522738
531 845772.5651839996
532 301.15357239372446
533 253.91645751771415
534 19.0
535 845772.5651839996
536 104.25087505771695
537 672.7746460701507
538 1313.5831564407006
539 424.65146547851293
540 787.5995780114274
541 59244.662600539035
542 14784.722597446247
543 815256.86306742
544 11.348679218006192
545 49.39989163371574
546 4950.216232202909
547 0.00012580195509229538
548 11847.760899163377
549 0.005137304603450476
550 7641.432151477671
551 787.5995780114274
552 0.00012580195509229538
553 84.62599109005966
554 1504.9889602906933
555 30.764204938372213
556 30.764204938372213
557 4.48355854490903
558 85376.47096000933
559 30.764204938372213
560 0.8843381464391296
561 104.25087505771695
562 599843.9079975794
563 1866216.417984
564 0.00012580195509229538
565 633.4259427973516
566 59244.662600539035
567 20.753733763452214
568 18850.13781290033
569 472.3454044936252
570 0.00012580195509229538
571 104.25087505771695
572 2441.023044234755
573 104.25087505771695
574 1866216.417984
575 0.012302891528836242
576 633.4259427973516
577 1.375082500357719
578 27469.858876146212
579 36.98227819004172
580 17275.159150746433
581 114874.52441345513
582 253.91645751771415
583 0.00012580195509229538
584 1313.5831564407006
585 0.00012580195509229538
586 84.62599109005966
587 7641.432151477671
588 0.8843381464391296
589 2578.7978682472117
590 1866216.417984
591 75.26611707175519
592 1866216.417984
593 0.03486822988913841
594 43.51282388547151
595 0.00012580195509229538
596 49.39989163371574
597 11847.760899163377
598 0.00012580195509229538
599 365814.57280290383
600 14784.722597446247
601 84.62599109005966
602 185.56168656993285
603 253.91645751771415
604 27270.723441154743
605 43.51282388547151
606 2441.023044234755
607 1866216.417984
608 27270.723441154743
609 0.8843381464391296
610 0.00012580195509229538
611 104.25087505771695
612 30.764204938372213
613 424.65146547851293
614 59244.662600539035
615 19.0
616 2164.776068641666
617 85376.47096000933
618 30.764204938372213
619 0.6278969894699283
620 554105.1344190743
621 36.98227819004172
622 0.3401500498296595
623 0.8843381464391296
624 59244.662600539035
625 19.0
626 1866216.417984
627 85376.47096000933
628 0.012302891528836242
629 49.39989163371574
630 1504.9889602906933
631 19.0
632 787.5995780114274
633 21.177619680879623
634 27270.723441154743
635 19.0
636 21.177619680879623
637 2441.023044234755
638 1313.5831564407006
639 30.764204938372213
640 75.26611707175519
641 7641.432151477671
642 7641.432151477671
643 84.62599109005966
644 20.753733763452214
645 2164.776068641666
646 11847.760899163377
647 0.0021085433179441524
648 24.623082310699704
649 0.03486822988913841
650 40641.55017419644
651 20.753733763452214
652 0.00012580195509229538
653 2262.1784047773804
654 17275.159150746433
655 36.98227819004172
656 253.91645751771415
657 20.753733763452214
658 49.39989163371574
659 104.25087505771695
660 5.19683926185085
661 2578.7978682472117
662 1866216.417984
663 1866216.417984
664 0.00012580195509229538
665 4950.216232202909
666 59244.662600539035
667 43.51282388547151
668 2441.023044234755
669 2441.023044234755
670 0.0021085433179441524
671 4950.216232202909
672 2441.023044234755
673 20814.565621410995
674 1866216.417984
675 0.005137304603450476
676 43.51282388547151
677 1.375082500357719
678 2115.3565930299296
679 43.51282388547151
680 20.753733763452214
681 845772.5651839996
682 672.7746460701507
683 0.00012580195509229538
684 555.1903878693519
685 0.00012580195509229538
686 1313.5831564407006
687 346475.77548102743
688 0.03486822988913841
689 40641.55017419644
690 19.0
691 104.25087505771695
692 1866216.417984
693 0.6278969894699283
694 30.764204938372213
695 0.00012580195509229538
696 59244.662600539035
697 75.26611707175519
698 0.00012580195509229538
699 845772.5651839996
700 49.39989163371574
701 633.4259427973516
702 2164.776068641666
703 2441.023044234755
704 84.62599109005966
705 36.98227819004172
706 59244.662600539035
707 19.0
708 1866216.417984
709 20.753733763452214
710 0.00012580195509229538
711 633.4259427973516
712 30.764204938372213
713 38309.828330515666
714 845772.5651839996
715 38309.828330515666
716 787.9730761662802
717 84.62599109005966
718 2115.3565930299296
719 0.0021085433179441524
720 845772.5651839996
721 30.764204938372213
722 0.8843381464391296
723 11.348679218006192
724 3205.7525536804555
725 7641.432151477671
726 19.0
727 27270.723441154743
728 0.012302891528836242
729 787.9730761662802
730 1504.9889602906933
731 1313.5831564407006
732 49.39989163371574
733 21.177619680879623
734 1866216.417984
735 11847.760899163377
736 0.012302891528836242
737 20.753733763452214
738 183576.27118522738
739 30.764204938372213
740 104.25087505771695
741 599843.9079975794
742 14784.722597446247
743 20814.565621410995
744 43.51282388547151
745 183576.27118522738
746 59244.662600539035
747 0.00012580195509229538
748 253.91645751771415
749 0.03486822988913841
750 18850.13781290033
751 43.51282388547151
752 0.00012580195509229538
753 30.764204938372213
754 2441.023044234755
755 30.764204938372213
756 4950.216232202909
757 30.764204938372213
758 1313.5831564407006
759 253.91645751771415
760 0.00012580195509229538
761 17275.159150746433
762 19.0
763 19.0
764 0.00012580195509229538
765 554105.1344190743
766 59244.662600539035
767 104.25087505771695
768 787.5995780114274
769 49.39989163371574
770 0.3401500498296595
771 11.348679218006192
772 2441.023044234755
773 18850.13781290033
774 1866216.417984
775 0.0021085433179441524
776 555.1903878693519
777 21.177619680879623
778 107565.21553529492
779 84.62599109005966
780 24.623082310699704
781 19.0
782 2578.7978682472117
783 0.00012580195509229538
784 931.1496054788082
785 0.00012580195509229538
786 7641.432151477671
787 845772.5651839996
788 0.03486822988913841
789 2441.023044234755
790 14784.722597446247
791 49.39989163371574
792 19.0
793 0.012302891528836242
794 253.91645751771415
795 0.00012580195509229538
796 36.98227819004172
797 84.62599109005966
798 0.00012580195509229538
799 19.0
800 19.0
801 104.25087505771695
802 5.19683926185085
803 104.25087505771695
804 2441.023044234755
805 104.25087505771695
806 4950.216232202909
807 183576.27118522738
808 19.0
809 21.177619680879623
810 0.00012580195509229538
811 114874.52441345513
812 27469.858876146212
813 554105.1344190743
814 845772.5651839996
815 2164.776068641666
816 787.5995780114274
817 36.98227819004172
818 1504.9889602906933
819 0.012302891528836242
820 19.0
821 472.3454044936252
822 0.012302891528836242
823 253.91645751771415
824 46078.05527426005
825 424.65146547851293
826 59244.662600539035
827 1866216.417984
828 0.6278969894699283
829 75.26611707175519
830 1504.9889602906933
831 27270.723441154743
832 2164.776068641666
833 0.03486822988913841
834 1866216.417984
835 19.42477330744441
836 1504.9889602906933
837 0.8843381464391296
838 599843.9079975794
839 787.5995780114274
840 424.65146547851293
841 1866216.417984
842 43.51282388547151
843 84.62599109005966
844 301.15357239372446
845 1866216.417984
846 27270.723441154743
847 0.00012580195509229538
848 20814.565621410995
849 1.375082500357719
850 554105.1344190743
851 104.25087505771695
852 0.00012580195509229538
853 787.5995780114274
854 253.91645751771415
855 301.15357239372446
856 3205.7525536804555
857 787.5995780114274
858 787.5995780114274
859 2578.7978682472117
860 0.03486822988913841
861 104.25087505771695
862 114874.52441345513
863 40641.55017419644
864 0.00012580195509229538
865 27270.723441154743
866 17275.159150746433
867 19.42477330744441
868 84.62599109005966
869 253.91645751771415
870 1.375082500357719
871 253.91645751771415
872 24.623082310699704
873 599843.9079975794
874 19.0
875 0.00012580195509229538
876 2578.7978682472117
877 1.375082500357719
878 183576.27118522738
879 672.7746460701507
880 43.51282388547151
881 19.0
882 84.62599109005966
883 0.00012580195509229538
884 555.1903878693519
885 0.00012580195509229538
886 183576.27118522738
887 845772.5651839996
888 0.6278969894699283
889 84.62599109005966
890 19.0
891 4950.216232202909
892 17275.159150746433
893 0.3401500498296595
894 104.25087505771695
895 0.00012580195509229538
896 16.61285520250695
897 633.4259427973516
898 0.00012580195509229538
899 17275.159150746433
900 183576.27118522738
901 19.0
902 30.764204938372213
903 104.25087505771695
904 38309.828330515666
905 2441.023044234755
906 59244.662600539035
907 1866216.417984
908 18850.13781290033
909 253.91645751771415
910 0.00012580195509229538
911 1313.5831564407006
912 27270.723441154743
913 59244.662600539035
914 19.0
915 185471.41178687473
916 75.26611707175519
917 30.764204938372213
918 20814.565621410995
919 0.0021085433179441524
920 27270.723441154743
921 16.61285520250695
922 0.03486822988913841
923 24.623082310699704
924 3205.7525536804555
925 4950.216232202909
926 845772.5651839996
927 1866216.417984
928 0.03486822988913841
929 84.62599109005966
930 1504.9889602906933
931 185471.41178687473
932 599843.9079975794
933 0.6278969894699283
934 1866216.417984
935 27270.723441154743
936 11847.760899163377
937 11.348679218006192
938 1866216.417984
939 2578.7978682472117
940 18850.13781290033
941 19.0
942 4.48355854490903
943 3205.7525536804555
944 11847.760899163377
945 1866216.417984
946 424.65146547851293
947 0.00012580195509229538
948 7641.432151477671
949 0.012302891528836242
950 18850.13781290033
951 104.25087505771695
952 0.00012580195509229538
953 46186.38044753136
954 2441.023044234755
955 104.25087505771695
956 787.5995780114274
957 4950.216232202909
958 40641.55017419644
959 30.764204938372213
960 16.61285520250695
961 253.91645751771415
962 845772.5651839996
963 424.65146547851293
964 0.00012580195509229538
965 185471.41178687473
966 765029.5506382446
967 633.4259427973516
968 2441.023044234755
969 20.753733763452214
970 1.375082500357719
971 787.5995780114274
972 17275.159150746433
973 85376.47096000933
974 2164.776068641666
975 0.005137304603450476
976 17275.159150746433
977 0.001144012562491364
978 107565.21553529492
979 4950.216232202909
980 253.91645751771415
981 787.5995780114274
982 30.764204938372213
983 0.00012580195509229538
984 931.1496054788082
985 0.00012580195509229538
986 17275.159150746433
987 845772.5651839996
988 0.8843381464391296
989 75.26611707175519
990 18850.13781290033
991 633.4259427973516
992 815256.86306742
993 0.6278969894699283
994 2578.7978682472117
995 0.00012580195509229538
996 16.61285520250695
997 4950.216232202909
998 0.00012580195509229538
999 2164.776068641666
1000 59244.662600539035
1001 27270.723441154743
1002 21.177619680879623
1003 1313.5831564407006
1004 149879.79892159603
1005 253.91645751771415
1006 185.56168656993285
1007 633.4259427973516
1008 1866216.417984
1009 84.62599109005966
1010 0.00012580195509229538
1011 2441.023044234755
1012 27469.858876146212
1013 19.42477330744441
1014 17275.159150746433
1015 1866216.417984
1016 84.62599109005966
1017 301.15357239372446
1018 2115.3565930299296
1019 0.00012580195509229538
1020 1866216.417984
1021 0.001144012562491364
1022 0.6278969894699283
1023 253.91645751771415
1024 17275.159150746433
1025 49.39989163371574
1026 19.0
1027 19.0
1028 0.6278969894699283
1029 7641.432151477671
1030 1504.9889602906933
1031 11847.760899163377
1032 0.8843381464391296
1033 0.6278969894699283
1034 1866216.417984
1035 554105.1344190743
1036 19.0
1037 30.764204938372213
1038 1866216.417984
1039 84.62599109005966
1040 1866216.417984
1041 18850.13781290033
1042 4.023706498156032
1043 27469.858876146212
1044 2164.776068641666
1045 1866216.417984
1046 18850.13781290033
1047 0.00012580195509229538
1048 20814.565621410995
1049 0.3401500498296595
1050 149879.79892159603
1051 19.0
1052 0.00012580195509229538
1053 2262.1784047773804
1054 253.91645751771415
1055 1.6804491224144245
1056 43.51282388547151
1057 59244.662600539035
1058 672.7746460701507
1059 301.15357239372446
1060 0.03486822988913841
1061 787.5995780114274
1062 845772.5651839996
1063 183576.27118522738
1064 0.00012580195509229538
1065 1866216.417984
1066 1329196.15881263
1067 84.62599109005966
1068 84.62599109005966
1069 0.8843381464391296
1070 1.375082500357719
1071 49.39989163371574
1072 21.177619680879623
1073 19.0
1074 75.26611707175519
1075 0.03486822988913841
1076 274014.16157914826
1077 0.3401500498296595
1078 27469.858876146212
1079 19.42477330744441
1080 787.9730761662802
1081 59244.662600539035
1082 787.5995780114274
1083 0.00012580195509229538
1084 46078.05527426005
1085 0.00012580195509229538
1086 24.623082310699704
1087 845772.5651839996
1088 11.348679218006192
1089 104.25087505771695
1090 19.0
1091 183576.27118522738
1092 1313.5831564407006
1093 1.6804491224144245
1094 0.8843381464391296
1095 0.00012580195509229538
1096 7641.432151477671
1097 38309.828330515666
1098 0.00012580195509229538
1099 18850.13781290033
