0 813.791832561873
1 191255.8077558988
2 2646.8828595052055
3 7.06955879771731e-07
4 3427.2373705847162
5 0.17577331626799197
6 2.823959774589556
7 3.9649540467383195
8 91.9589754141191
9 164346.76301112445
10 2.989518345458894
11 81637.73354138594
12 409093.0974108872
13 8.464783939848426e-05
14 5014.320581689354
15 75.25663382626696
16 45.080312706182575
17 0.02198926319865628
18 21055.81535183838
19 1866216.417984
20 429.8092773272102
21 4.86344131726012
22 3.1347012149298586e-06
23 1319.6826421812045
24 120105.51168698612
25 19.0
26 8858.879037524972
27 577.9826652971518
28 109.76033882313482
29 549.9986655145456
30 18063.797764359824
31 3.8850782696571837
32 816.0699132687085
33 13.44763004925202
34 15844.55572603146
35 27865.230215336607
36 90193.9949464594
37 19.0
38 174380.81963357134
39 0.7232481351258974
40 9458.247648241868
41 43.15028051988021
42 104.67971843069759
43 35750.613594719216
44 55.13850257180332
45 2.7837316400277765
46 24.61754464796644
47 238.63522404760218
48 907720.9889138808
49 5.318597262088046
50 111.87736271804168
51 0.00012006202633720677
52 21827.071090476118
53 59.00753298020383
54 276.6497774858053
55 845772.5651839997
56 7.068977402507141e-07
57 401.51604575886296
58 6102.465576201438
59 17487.322970101683
60 136922.005853524
61 0.009541282796354739
62 7.838572053156292
63 0.05187751163507407
64 1866216.417984
65 46.88562628845496
66 1424814.8169083474
67 119258.25260853377
68 1089733.8548857502
69 953.519880692298
70 1001.6151716634334
71 64.56587760195276
72 849763.5351071395
73 0.7125482716601188
74 2184.78156999386
75 845772.5651839997
76 4139.306401555562
77 54896.68857999528
78 254055.58974105027
79 0.1488830606737935
80 83.17119737381604
81 0.23028203684237525
82 6.606076409382992e-05
83 845772.5651839997
84 1470270.999958151
85 200.92290935715198
86 66.11962881642043
87 1.2708748891782994e-05
88 1486744.57190815
89 4996.897630126019
90 6089.482233758536
91 845772.5651839997
92 954.1342591257136
93 14179.426638376863
94 144.92778014476875
95 4.719639305915791
96 71922.72755690676
97 29.823590483225725
98 623.834131368115
99 7.251450372186057e-07
100 583.6294342902955
101 20.791791977907266
102 13487.214289281808
103 7.070436604394688e-07
104 12229.9288387058
105 0.8599838878263958
106 2295.1014433063647
107 13.091205833165931
108 416.914446014996
109 760.8438851772917
110 3.190577442622018
111 845772.5651839997
112 1450.8999749740992
113 0.0003514472451667931
114 48.85550185607875
115 1651.619009032665
116 41.30129697625137
117 0.0001802523806063333
118 79108.90347582774
119 19.0
120 3136.0862451598355
121 3.7679169844315625
122 1.0808356221085317e-06
123 91.361967106324
124 152245.49819515605
125 125.30109254248214
126 426.351656506335
127 1259.9044776186759
128 1048.9964921787364
129 39300.39160547833
130 118386.03735886056
131 44.348595000162945
132 119.7900097448371
133 6.166292047084227
134 1116.6665268154804
135 3395.51873605172
136 5604.953762397473
137 5262.189937577679
138 845772.5651839997
139 2.448033878380847
140 13536.204079535742
141 752.5009076378582
142 1462.2478053845398
143 647609.9043108113
144 80.81018883654534
145 16.131892081200693
146 3.384880920204483
147 3979.6718512806724
148 1378824.1466389773
149 17.184762204513618
150 70.07270744388029
151 0.00047761282129818103
152 49634.2298091408
153 2724.4084416665564
154 656.545397877431
155 845772.5651839997
156 7.06898721701672e-07
157 234149.20230680724
158 12.730767360301261
159 1866216.417984
160 251730.41711662782
161 0.0009712866768041772
162 87.48932399159641
163 0.23821148257678684
164 1866216.417984
165 118.56922929041313
166 1812508.846784
167 845772.5651839997
168 1866216.417984
169 70297.71707962782
170 6004.910330882376
171 1983.505816344525
172 548.254017882755
173 3.601303639066244
174 849.9122432283248
175 845772.5651839997
176 52469.67360822099
177 517605.3607309422
178 1248673.5306561196
179 0.0221226746205082
180 38.38930347629725
181 0.8388330172165666
182 0.0006796820858958842
183 19.0
184 2462.759422226139
185 312.10517452714885
186 122.66928437427653
187 3.907453914177317e-05
188 4835.959892371235
189 201682.97059539834
190 147087.26950584547
191 26122.177489760084
192 11.481644829027761
193 123.05992727326986
194 237.14316331932744
195 0.5795895996545991
196 384.9977206228844
197 71.17654766039925
198 122.49502894678474
199 7.217536022932963e-07
200 3041.0753047086027
201 10365.241428324583
202 64.95962334155868
203 7.074245224401355e-07
204 783.878913422672
205 1.0767055213616257
206 47.60789370609551
207 82.69306650217564
208 83.25842618408318
209 6724.200163615431
210 0.038543556120465165
211 845772.5651839997
212 1990.3700559011888
213 0.00026387562912291425
214 2644.8529921236977
215 99.99642378672665
216 58.33543296374587
217 0.00031807155599266143
218 3425.9043077175015
219 30029.381950577317
220 18250.058020471217
221 14.491611867618182
222 1.1733355221803123e-06
223 2119.607779891384
224 280248.2184156927
225 1008.6981671222409
226 1210.0580490989573
227 5713.743581172441
228 91.36444169417969
229 1866216.417984
230 569672.1568108004
231 10.95475986910972
232 8.429976697336313
233 25.281260457942466
234 3880.979737214557
235 14428.629502073023
236 3260.7384685931684
237 389.2852560076553
238 88.56647294883523
239 0.05329337692994415
240 86.40522557616713
241 7000.117521358198
242 28.23922701816685
243 1756963.0450194967
244 98.70548575818945
245 0.13037543739193216
246 19.22075227063592
247 33.619179044141134
248 1630934.744957661
249 0.0013067809545931357
250 6.272564663174996
251 0.00028197730904615085
252 170586.18473707448
253 1.0834890013697847
254 6817.909959116631
255 19.496583335092893
256 7.069029146359167e-07
257 860090.7558836115
258 99.69972916732208
259 19.0
260 477663.0249945357
261 0.0022710784359473656
262 392.9633079172632
263 2.123216667975094
264 1866216.417984
265 10252.461667372994
266 19.0
267 845772.5651839997
268 42628.25659478547
269 845772.5651839997
270 149.78103560969174
271 19667.587558701107
272 1175.3302468093718
273 4.654012476227118
274 1170.8764582437138
275 19.0
276 3984.7890360346278
277 726592.5147676211
278 17370.53748560683
279 0.11722022123828833
280 79.16967130287999
281 0.019499242719049677
282 0.0035473312111477555
283 722.0269296965846
284 55031.636536215694
285 696.2230360716425
286 333.73095501491775
287 9.57393217288206e-05
288 43913.92359285807
289 845772.5651839997
290 20525.1968704171
291 18.804101925738376
292 58.124821600373
293 385.0929073693097
294 2331.1426082347857
295 0.006885131042643387
296 465.7733567555764
297 106.25401762129532
298 244.99423033305192
299 7.086910688580041e-07
300 44235.65240909049
301 167603.34819520102
302 79.11653023434103
303 7.075187058820891e-07
304 76.62361311411719
305 0.4619796774895748
306 3.8881911409119283
307 329.5199509508382
308 118.08973766269443
309 64739.25685224138
310 0.2892005872786886
311 19.0
312 284.9382141749031
313 0.0005580850307205126
314 16092.07083073435
315 115.86218811174489
316 23.199181615460876
317 0.00026469696660697255
318 1492.329736363674
319 3196.609630928199
320 148799.2829913931
321 31.484222651793058
322 1.0123445376150926e-06
323 38.13554737332551
324 24468.381695417702
325 7612.127350868469
326 43075.15893463751
327 644.2016391530776
328 255.60067514272671
329 19.0
330 818462.8645723598
331 23.157980659603574
332 35.64344007656177
333 0.8138578579403923
334 143.05112320328118
335 123.58296642163727
336 9127.902362356544
337 49.53972834898449
338 244.81143968953768
339 0.39405699624405177
340 803.006575812336
341 272354.81076042843
342 402.44351850398596
343 569.8833274804342
344 117.5170802829875
345 0.24529261937546282
346 9.15800142513949
347 1728.5788798213216
348 1676479.5701478075
349 0.12482244281533558
350 15.794712673277967
351 0.0008767815282443209
352 845772.5651839997
353 0.8164482550339538
354 334.76003850093656
355 16135.944056696633
356 7.069113759185156e-07
357 1866216.417984
358 57.491756345441644
359 191804.54708152713
360 717101.6240259294
361 0.003601996820600443
362 1298.291267872283
363 14.512537370690712
364 1866216.417984
365 400.3791739999929
366 9175.369571213116
367 845772.5651839997
368 124601.47028919222
369 19.0
370 248.9550457525026
371 55524.15206763483
372 7549.294242430604
373 31.915224707117034
374 57.834940211014604
375 7045.350480620378
376 9773.833444379481
377 33.23251032649909
378 263380.9931841047
379 0.618057903243066
380 17.711458170149953
381 0.10527194047608442
382 0.009083920356713977
383 7.085578523291741
384 695090.440608218
385 7805.214479816767
386 3433.152879060683
387 8.983505714990227e-05
388 350.123569167844
389 19.0
390 33960.599346747804
391 42618.42875856716
392 0.04126587026589859
393 34761.64125465839
394 32207.327066669724
395 0.020873461062693582
396 1114.6779388207342
397 78.30125045504842
398 11.440168350087623
399 7.080129870194554e-07
400 254517.3289674942
401 1866216.417984
402 63.82454607096976
403 7.094840037009969e-07
404 93.86930715251924
405 1.3692032723358454
406 45.06798500832096
407 48.66024881075077
408 2445.6479646895414
409 578682.5247442771
410 1.7438774182615402
411 141.26244018443484
412 22937.37241782929
413 0.0028655351783193985
414 130805.98296779946
415 11941.282024602817
416 24.507834164852135
417 0.0015656035158720303
418 3401.2720790491603
419 32810.039762519824
420 34461.89553938384
421 318.2139427983449
422 7.198923615308741e-07
423 1228.8170811605398
424 111514.21508776385
425 59.926602877505054
426 2748.1195979957583
427 125321.63064517401
428 118.0319420575948
429 2309.642799176027
430 283.3802547725167
431 112.72401432431886
432 198.6231397781628
433 0.6720052293211269
434 3026.411463211284
435 1102.5489401675288
436 3767.992160589996
437 114.4810224340901
438 1645.0990536785937
439 2.2381684576846115
440 6442.98633985765
441 732199.2731254144
442 3284.148748206786
443 4544.582531492132
444 3554.78385588822
445 0.19457029622171035
446 23.046084205989533
447 38.43398454968901
448 205.38693384350333
449 0.652434362868818
450 238.9631596689
451 0.0025615330795597468
452 71.69662105248722
453 2.8009828391084346
454 1199.1761606310824
455 1066.0536873483948
456 7.06921073074244e-07
457 19.0
458 24.254303683032827
459 6358.768435109378
460 858555.8599867071
461 0.006688684224830594
462 79.2327795962005
463 2.883017966347252
464 33749.64215263038
465 30163.201873655886
466 154412.02554401866
467 675.4026481479831
468 2735.360078009408
469 3889.3068377786094
470 2555.412938866085
471 246840.47702156196
472 2.423049786873788
473 209.62158511233065
474 3214.683956257096
475 649462.2333702605
476 19.636593388124822
477 5398.878687433956
478 41546.22207815485
479 1.1433928345595756
480 9.107103336217394
481 0.5456031797063599
482 0.010623472314644564
483 74.15816428192153
484 13375.836805174702
485 128313.52395259478
486 24359.68306863026
487 3.004912608897092e-05
488 838.3735081549019
489 33272.06657905348
490 101775.2763690838
491 182489.02394206953
492 1.6144051917452769
493 144419.99384907095
494 170852.98894863302
495 0.0002599837611268391
496 13456.74248593434
497 189.46039069919334
498 7.852433816048405
499 7.08121712729833e-07
500 23796.59976281806
501 1866216.417984
502 118.20021720724647
503 7.110240585153936e-07
504 501.01797780029415
505 20.097672707438925
506 223.5104884518484
507 88.21419730384366
508 1592494.4095851614
509 845772.5651839997
510 12.722317143644899
511 6.374197751308723
512 15777.492847100091
513 0.01276815379451896
514 39942.391603769174
515 342049.2424632881
516 61.508634039981594
517 0.000504144333207839
518 1390.0607777279797
519 3688.3219240017384
520 1357285.0031033654
521 123.57823668027243
522 7.358899155815234e-07
523 21603.20384938837
524 59830.19837139716
525 10681.249366868993
526 25908.96097172344
527 42393.897733149264
528 32.27396405144824
529 112.38711150368034
530 10598.513971426155
531 20.320279134187736
532 1400.3615497224343
533 0.7778077172589017
534 19626.39313159253
535 67847.51009091703
536 510.6355202890904
537 634.7223897273146
538 476693.26123996713
539 12.60665881451731
540 116930.98794321444
541 4503.862299524903
542 34080.3179092933
543 196.88053371098297
544 100.51190731756937
545 0.36148169852310774
546 16.375158724247843
547 34.208822493467764
548 6298.052226882618
549 6.209050394249961
550 90.76189940498064
551 0.0016151710349210364
552 471.56152594040157
553 13.714088642460172
554 42697.797254744284
555 5512.824668592606
556 7.069597256141944e-07
557 88310.32147473976
558 3.9366015398041836
559 14068.074177657638
560 1166271.9332430856
561 0.007137947792684871
562 77.22493771189508
563 0.3092856091297655
564 147383.83364102006
565 362959.4254223748
566 21869.277610942623
567 98.27332796854452
568 702.6660133922071
569 37873.88087262141
570 26638.564403094573
571 1866216.417984
572 47.706801945099535
573 149.47605409865756
574 86.702905198869
575 1866216.417984
576 1953.1102777132282
577 33855.532515403465
578 1894.352129296134
579 4.764918331733007
580 12.199845173767326
581 1.2707629349289857
582 0.0716604325599611
583 61.06942696455572
584 71599.39376411718
585 2371.5131814979727
586 5901.238784899147
587 8.516424774003075e-05
588 2034.028654624211
589 1866216.417984
590 219630.98559428516
591 345.79026308099515
592 6.187659876058354
593 34761.64125465839
594 46303.40085044242
595 0.00020974186805318003
596 336.37749996761244
597 138.7895082950809
598 10.933328060621482
599 7.075255219399522e-07
600 15513.208439328211
601 1866216.417984
602 19.632929399010095
603 7.072924812208056e-07
604 2288.1334520120013
605 120.40591460734586
606 20.473105519440296
607 596.1554733095849
608 66.27557565525578
609 845772.5651839997
610 46.302871610094144
611 0.033634924186451705
612 5340.501167221764
613 0.00884983737373264
614 945251.6001672207
615 540855.9187106369
616 117.15407574890413
617 0.0015465154506599345
618 3977.493805390521
619 37612.930657597855
620 1812508.8467839998
621 64.75720040527902
622 7.323428159934523e-07
623 23.71769891675911
624 3261.7903975690388
625 32.38360655769576
626 19580.16983676488
627 754616.5759074937
628 5944.242575534508
629 66.06353645837537
630 219735.95945252362
631 6030.854398233175
632 0.21858402682764105
633 1.9697148207408972
634 300081.7924794863
635 1525977.1092922431
636 23678.781272121232
637 227636.06988723332
638 1866216.417984
639 102.94413406541261
640 30904.120046366665
641 1050.8832855781395
642 64491.06967563667
643 4007.3603036862974
644 46260.35648467902
645 0.17109184427771237
646 75.3483013481554
647 97.19575485915543
648 598940.6097792746
649 3.2218251912846396
650 344.2462505130762
651 0.0002251988779660583
652 66274.01952880873
653 5.7767288533900425
654 366626.23534432665
655 96155.60206342796
656 7.070611557056464e-07
657 1866216.417984
658 15.727768924652269
659 201744.4645105205
660 1234944.1199001884
661 0.014261040604438644
662 10743.890752644453
663 0.002920949578136059
664 845772.5651839997
665 1866216.417984
666 308065.69066278375
667 0.006873701247037478
668 945.1770112556063
669 12494.133143081808
670 767330.9309247318
671 19.0
672 15.521951127710661
673 1.4354644481915793
674 1741.532227202646
675 19.0
676 162814.38385837118
677 1866216.417984
678 25087.805668922327
679 0.024272164560406914
680 72.08544191135483
681 9.2858036511414
682 0.0012353498518757203
683 5936.615707970343
684 39919.68109336837
685 17867.800018304322
686 195073.41228318715
687 0.0008133463924381455
688 73.82754727085697
689 19.0
690 3898.9793675977503
691 10.969526713886443
692 15.065060263506407
693 401.26792983739045
694 172133.84691544424
695 0.0002646255095844276
696 1902.0773685517604
697 19.198075429931826
698 12.984379990741598
699 7.117258053722161e-07
700 21275.805306598853
701 1866216.417984
702 108.07419118044191
703 7.085872346410281e-07
704 31202.115450136942
705 26.782633292035914
706 13.737507125695716
707 1806.3563254443375
708 19172.62862393561
709 19.0
710 15.048331375371914
711 0.1310447963342089
712 27264.023574836203
713 0.031003494181322897
714 1866216.417984
715 845772.5651839997
716 24.493471674289765
717 0.003980692809346283
718 10078.40019072018
719 10677.4998393827
720 20.96818142277024
721 10.706466833755702
722 7.705271497588688e-07
723 5880.284995568626
724 15580.273628020217
725 106.50923403611789
726 23.647943365007812
727 845772.5651839997
728 1590553.7840083682
729 11438.763488898496
730 1864870.709144736
731 1866216.417984
732 0.007028185476251335
733 6.828138137965145
734 878.4195894801586
735 85.1047014866724
736 3680.0800869953537
737 1866216.417984
738 19.0
739 12.670686762076446
740 2802.9699068909345
741 34.14109017270815
742 67555.90544455458
743 293.44700004198535
744 8848.826503215234
745 0.0065672447134863254
746 37.331047862137886
747 121.007490023394
748 1509744.4697633225
749 22.40784504477925
750 4120.651181229374
751 6.368292889074852e-05
752 6307.041673153311
753 15.131560803895686
754 5953.174587162897
755 3951.5370658271404
756 7.071390345787364e-07
757 19.0
758 0.6023072218374859
759 845772.5651839997
760 3545.1375695242727
761 0.10797012891915551
762 86.77267785555469
763 0.017094042054487082
764 19.0
765 19.0
766 1027996.9263402151
767 0.9863782741534998
768 4525.605920138913
769 256652.19031459893
770 205.48004605925166
771 39197.552386821626
772 562.3482758239401
773 6.872901508569818e-05
774 201134.74287014833
775 10412.982886253669
776 19583.8063633635
777 19.0
778 93601.00883485921
779 0.05140973142985351
780 82.17754822734359
781 55.5523272790471
782 0.004939662147281583
783 151832.37089619308
784 80252.02938792693
785 19239.632247675032
786 28986.448866378487
787 0.0011428713882313988
788 237.6637429110519
789 9732.07509597191
790 5319.2773077876145
791 40.90164844960548
792 68.63321898681377
793 22.199621866554658
794 195.78479677542893
795 0.0011646941637080722
796 4709.031108539409
797 105.10349204083869
798 76.98313569564966
799 7.36469141005057e-07
800 10646.954497947258
801 1866216.417984
802 89.86625469414766
803 7.073844315371983e-07
804 338.80525674523903
805 19.328654283690057
806 11.340735237187051
807 4417.99648052791
808 207738.04269116715
809 5750.823160720394
810 83.06037138563892
811 0.614516659581578
812 58243.35435257303
813 0.12939206004480178
814 19.0
815 19.0
816 12028.917661611786
817 1.980530719738298e-05
818 50904.18693099387
819 111980.05762156783
820 5972.958944969071
821 134.95984670162008
822 8.462873067718916e-07
823 17.79187458873868
824 3128.9294399695623
825 33.6025389726804
826 27.69464765016438
827 19.0
828 1866216.417984
829 1725552.0450364517
830 189272.21848690783
831 1866216.417984
832 0.05683234238310289
833 18.488062426116308
834 1281.6885202717099
835 1016.9834031455407
836 3055.792603386118
837 19.0
838 10977.64401147013
839 31.270701202175637
840 65.74362986363262
841 188.53688298548556
842 159256.73495696217
843 405.6555238850871
844 61.28151104323122
845 0.011356841616307713
846 1659.0118319678108
847 10721.11253752963
848 1594095.8285284177
849 16.723037821877302
850 14831.638356914857
851 0.0002866509437021222
852 20837.68417106477
853 2.255657215614358
854 13855.662581911425
855 222765.13778124706
856 7.069500936915642e-07
857 6002.744359219678
858 1.3921112834514335
859 845772.5651839997
860 47200.398461214456
861 0.002723764327515072
862 652.7474442528744
863 0.20623855791726484
864 5945.2767145979105
865 16707.75713339799
866 255.5343669319422
867 5.06177245216553
868 78794.65604870101
869 845772.5651839997
870 39.54333052722077
871 5637.4461930374655
872 7911.511137653388
873 0.0142943398018502
874 845772.5651839997
875 7162.357166711118
876 825077.1221508384
877 40863.74595265921
878 348825.4626606688
879 0.21276153498214084
880 104.63337092713269
881 475.50837159172664
882 0.0007249250401133513
883 29625.816493955102
884 376091.5594723717
885 68516.65231332998
886 1828866.4241962924
887 0.0005990385519128892
888 179.94391647438863
889 231.8070375513259
890 20098.750898459624
891 67.50316513225879
892 480.4445385734652
893 82.22164224979119
894 2105.0309719431975
895 0.001309783757856269
896 77.70744501623955
897 139.78331066063583
898 108.02517975337531
899 8.017514795641466e-07
900 144172.51598669536
901 19.0
902 15469.442333689494
903 7.078617154607125e-07
904 698.1482533567797
905 7.867567141077675
906 25.348217428957362
907 35961.21999495807
908 123.70149328037768
909 2188.6922585965776
910 991.6221689879355
911 2.1130266598942185
912 260486.56910948842
913 0.5734286253655706
914 113442.70066756468
915 25.41235359019888
916 41163.722829589344
917 1.2281467372475369e-06
918 25128.102619983827
919 845772.5651839997
920 35906.59161480235
921 26.745559483770176
922 1.0285165528704762e-06
923 287.3622382835369
924 19633.66148086214
925 4709.0688608164055
926 50.53264633850219
927 12328.359819386023
928 1866216.417984
929 1866216.417984
930 1866216.417984
931 19.0
932 0.0002572593381912169
933 23.82709081291317
934 6901.837721111977
935 12792.601962285027
936 33853.93431588937
937 35236.22002111741
938 16719.224880262096
939 181.0522427851269
940 64.31039725488412
941 734.183819220661
942 1171.964552560572
943 20734.663136415093
944 246.1909880916904
945 0.018052584910254073
946 77854.4004637603
947 49.31604265885414
948 4365.059376575205
949 6.74529697567156
950 40693.37745854724
951 0.0006852096028194907
952 28.387829465854487
953 2.9321620256521927
954 701121.0214559267
955 16767.612382235817
956 7.069048593597945e-07
957 122.94080427000942
958 12.79836280094451
959 845772.5651839997
960 844284.5317385265
961 0.026530580176876206
962 8459.55538315005
963 0.018063398244140882
964 18.632681927800174
965 163105.11963683544
966 38788.80152009849
967 0.9645436734532619
968 72575.87644480154
969 19.0
970 101.74411311816415
971 4908.776257028264
972 64806.63376546913
973 0.03469435509133936
974 845772.5651839997
975 18.81885856876542
976 1866216.417984
977 79644.39823936559
978 1337778.9388853172
979 0.28125227046488743
980 66.74306202915312
981 9209.623500003085
982 0.004298327449689557
983 845772.5651839997
984 20633.76885754505
985 91780.96609929785
986 1866216.417984
987 0.0014366143790862638
988 1315.578593150279
989 7675.357979947234
990 20173.692998716706
991 123.23924163089009
992 581.4790100431751
993 30.612983075373016
994 183.1571840703578
995 0.004962050732116957
996 2080.406672869828
997 339.61817278083765
998 129.31576744374738
999 9.569854366219833e-07
1000 2898.171263674151
1001 75722.83237715118
1002 162789.7296301357
1003 7.101211359008309e-07
1004 15463.476728278327
1005 0.7695445981164808
1006 115.49389968950692
1007 4475.702866118241
1008 3179.629564020027
1009 11179.598265381419
1010 10655.200037096327
1011 3.3693644000564755
1012 438.30288156446454
1013 0.11364460749533221
1014 5743.728805569081
1015 1706.8764907592158
1016 84.54821881437951
1017 6.671267153403685e-07
1018 143710.66441499515
1019 19.0
1020 612451.8915282085
1021 34.24667341802463
1022 7.707021720342298e-07
1023 785.6594503557876
1024 18562.03352399842
1025 7818.565657597777
1026 52.14647038794273
1027 490407.2286782917
1028 19.0
1029 1866216.417984
1030 172.7380723650416
1031 32984.90989006649
1032 0.0020651012408736155
1033 64.45779453567414
1034 268777.7959679768
1035 49406.647835418014
1036 5998.463423827032
1037 143069.26864469718
1038 536.9241604748375
1039 414.81900371875
1040 43.10056265166041
1041 73.29840175136424
1042 20886.287770564322
1043 2683.101895616508
1044 3.794818118050696
1045 0.06452829414661852
1046 1866216.417984
1047 4551.598549569864
1048 12328.410977588575
1049 30.298019214266077
1050 44159.89965609399
1051 0.0010507786060820537
1052 4.0508105275893325
1053 4.818570599526759
1054 33937.11159854381
1055 161262.18320603477
1056 7.069546880076519e-07
1057 30042.171469106353
1058 44.10069891990048
1059 19.0
1060 28.878434629021584
1061 0.30941728252417433
1062 122.9357748361547
1063 0.05251912481979075
1064 3.748360217242735
1065 845772.5651839997
1066 1528069.287942368
1067 0.01440787862726585
1068 1.577950017590291
1069 26468.756999223282
1070 318.5802912776753
1071 84.94812789880989
1072 10590.236900523108
1073 0.18568738738221738
1074 845772.5651839997
1075 94453.55836734851
1076 1866216.417984
1077 845772.5651839997
1078 788.9387161421894
1079 2.262713613210987
1080 49.24902032471376
1081 46791.06638866106
1082 3.030382437186505e-06
1083 845772.5651839997
1084 107250.68210955909
1085 1147.3266515004032
1086 19.0
1087 0.0009264367712460114
1088 20391.259340119555
1089 8241.40689487371
1090 24264.532642207138
1091 16.76768037945229
1092 73.83949184984117
1093 6518.461781220939
1094 1202.7259761338703
1095 0.015517068047534945
1096 586.6495230974101
1097 3219.7000134027576
1098 95.10981216802331
1099 2.4179717826584096e-06
