0 7900.620468744197
1 8342.637040608093
2 15994.632671415344
3 845772.5651839997
4 104.10006034469995
5 877974.3918998912
6 3107.624776403754
7 303524.48111959104
8 4161.581901789201
9 23822.17458592832
10 4.033896086740391e-05
11 845772.5651839997
12 377.23492891462536
13 775542.2335322031
14 1.7845029908796015
15 175799.0349754742
16 24490.513237857962
17 91.61199966278696
18 109228.08101973237
19 20.624826318777725
20 2053.8171797468617
21 104.73572177527187
22 0.029071873572390872
23 0.8168764680357165
24 1.276755888458649
25 1543911.1672738867
26 3965.1448129339383
27 845772.5651839997
28 0.0026544345366268512
29 157912.31863908522
30 393.33536734099323
31 278429.1966913808
32 66.3552087640542
33 271.4544061467985
34 1866216.417984
35 7535.100385352004
36 13933.232246354512
37 845772.5651839997
38 106262.5013495731
39 1.683532669465744
40 8106.793514093894
41 21.391415397904023
42 146.81289067037108
43 1676.6788562028453
44 0.1644945394690829
45 45525.95796457197
46 5841.076494564884
47 2.3843065531762275e-06
48 2464.6904103104816
49 0.0010147633532327405
50 87.2660896431509
51 391841.49665957206
52 9.525787112342233e-07
53 14943.668487697078
54 2340.9539268585686
55 27578.49685371459
56 77.93820122780393
57 0.042257869220741796
58 1038017.1555937106
59 20687.900924601534
60 9343.414443093152
61 12.152415888276767
62 47158.3318375464
63 65.76336781358772
64 8.569920969426846
65 17.251325315867955
66 7436.4547575078595
67 120.24868954835048
68 46508.010100111576
69 44.187919444261134
70 0.00012361361478901685
71 12841.300940474559
72 86147.71334042272
73 3.649694331230882
74 8444.616306377917
75 1.3926566597543482
76 19.0
77 0.8281031478786802
78 426057.70793207054
79 6.859411295114057
80 510.6937021100315
81 190132.78509007723
82 36389.53528233285
83 0.0006775131321942968
84 703206.7422278073
85 0.00564164651650792
86 29.93777192461818
87 845772.5651839997
88 0.9847259753578118
89 80.17107592708207
90 11087.754988112029
91 0.030758825690082862
92 1866216.417984
93 14.468483692496989
94 0.22950575912394772
95 8.915074538829683e-07
96 1136358.4166554513
97 111.17570882727055
98 9.108917359119423e-07
99 4411.866085623088
100 230495.2300678348
101 1866216.417984
102 7280.390177879151
103 845772.5651839997
104 115.92582663969444
105 953167.2275839997
106 79570.04427367971
107 845772.5651839997
108 21.61200615605093
109 92712.46619126698
110 1.1139658317260969e-05
111 845772.5651839997
112 392.1743486162814
113 325.27919956562494
114 0.5782452905305586
115 667340.3027557412
116 1172859.8315868801
117 1088.9110837704602
118 1824.160229310831
119 0.199298723707028
120 58.605850457492025
121 53.61436438192272
122 0.041633778986421385
123 6.351958084774604
124 252.17616015335244
125 1758801.2755840002
126 141259.8777380004
127 6354.311401305596
128 0.005646796576337195
129 427137.8456678637
130 4975.3345285225305
131 845772.5651839997
132 7.94254419530753
133 120.0392397176707
134 1866216.417984
135 316332.70886949275
136 64788.7907233313
137 845772.5651839997
138 55873.537858497926
139 15.822496026998476
140 26.164447951624712
141 20005.806870240925
142 261.13258024341536
143 1041.2054766308736
144 0.20388408122773005
145 1866216.417984
146 595.9173586474257
147 3.0417581322109747e-06
148 26236.495585972276
149 0.00022383495323477569
150 228.33392051074168
151 1866216.417984
152 9.208987846936313e-07
153 2543.86582999495
154 9348.49958565362
155 474305.34465201834
156 383.89866620917945
157 0.10725218456343365
158 1866216.417984
159 186128.31616920614
160 296.5809139555099
161 53.599103260040245
162 56472.62535373458
163 6523.89272976826
164 2.0065441626665805
165 114.36485548476355
166 9920.715661854225
167 84.71424811956122
168 1556881.1943868827
169 508.330043469725
170 0.00042459393409246854
171 112669.46726795004
172 1792.4152008281853
173 2.7814372121922664
174 43458.43765628646
175 0.8796934824582816
176 14227.419432320203
177 7.442081995464887
178 86343.40785198643
179 23.581905945521147
180 537.2994762696612
181 19.505875624209395
182 829180.4691299136
183 0.004310907765006595
184 899480.1363839997
185 0.013100547600436475
186 22.38604406359116
187 19.0
188 0.06699711815474953
189 32.78576227277354
190 90584.71733786324
191 0.4883152717782199
192 1866216.417984
193 27.640536437871166
194 1.4788546468876227
195 8.915055101095177e-07
196 40.69487940421396
197 1206.9363277833418
198 8.94043953353094e-07
199 84.08597535789427
200 718335.4175129769
201 1866216.417984
202 206.5677725067604
203 19.0
204 54.35399546813753
205 19.0
206 371968.85716903716
207 19.0
208 27899.050750777576
209 845772.5651839997
210 6.40103797684304e-05
211 845772.5651839997
212 1070.6576680097494
213 1218.2062889689341
214 3.3367024766077797
215 246.19597231755216
216 150.87598690318336
217 114.28391969934877
218 2054.110199062725
219 0.09780427681837782
220 297.5113809919906
221 265.6652692495761
222 0.1441201111951489
223 41.29301226532858
224 272.9717236067658
225 19.0
226 35846.364519860006
227 107.19065065687575
228 0.03340407200538693
229 845772.5651839997
230 12715.907321471419
231 19.0
232 26.083101360845507
233 6867.069643066013
234 1866216.417984
235 845772.5651839997
236 1348530.1880063994
237 845772.5651839997
238 131.8566487994395
239 34.58718867810014
240 6647.626616795983
241 123.49577160633608
242 1038.7860857126484
243 467.35634741552434
244 1.5138347202982185
245 19.0
246 4127.582275060772
247 6.138915193541633e-06
248 485467.7346808665
249 0.0008530952641130677
250 28121.824622740452
251 1866216.417984
252 9.334698574861135e-07
253 602.5487462898309
254 142460.42351015168
255 845772.5651839997
256 3158.838168455138
257 0.10898217756977555
258 1866216.417984
259 1866216.417984
260 390.2536896070935
261 405.5416801010378
262 1130.1451353369337
263 81428.38359917772
264 0.10860891097373115
265 828.6746642889784
266 1450.1263073385905
267 22.652593041998347
268 1866216.417984
269 3111.597787881851
270 1.3879643220442582e-05
271 86.78015757585572
272 17134.743889504243
273 2.773649216934796
274 8482.01729711795
275 0.03584457936247265
276 34229.09549885217
277 18.59828055616451
278 10098.59266765989
279 135.05949960506942
280 114.55824013910843
281 98.28266328737813
282 845772.5651839997
283 0.000798053069817211
284 876848.9470583706
285 0.00349149629259246
286 91.78335046906172
287 5836.470893565899
288 0.05260606000292955
289 47.2159141377185
290 315567.99850800016
291 1.2658076609427034
292 1866216.417984
293 46.11223428557629
294 0.6862364385957788
295 8.915055775261757e-07
296 11621.499185286499
297 368.7227707861966
298 8.913450444602767e-07
299 76792.27129407212
300 790008.0690004303
301 1866216.417984
302 220.73274456081865
303 874.1501369189754
304 30.5330134688223
305 8068.17915067294
306 634147.7715191484
307 14901.366957210037
308 18.84592465100573
309 42385.637765055486
310 4.703667845677954e-05
311 845772.5651839997
312 57230.99398640607
313 4640.173002561107
314 23.27400122042528
315 3901.9605047976324
316 31.65904007813918
317 71.48166011544924
318 9561.537985130508
319 0.07301750545852614
320 3477.881112254995
321 1258.2354545822648
322 0.6718388864344901
323 4.946665945179621
324 1582.9556939874726
325 25558.579426534794
326 11972.738861171758
327 32.73475965554341
328 0.038131104444616905
329 845772.5651839997
330 90972.16927649136
331 27770.38236795718
332 30.52911145496658
333 47.58518575501118
334 1866216.417984
335 845772.5651839997
336 1543991.4707840004
337 845772.5651839997
338 2700.4430659146865
339 314.9578292793699
340 67471.35047983134
341 636.2828656698148
342 3825.8546291810135
343 2656.789959894709
344 0.9140139539007606
345 5495.340279604306
346 58.50672858578588
347 1.297190152252421e-05
348 1884.460413185607
349 0.00382166006995297
350 623258.0273941035
351 19.0
352 9.795682047647818e-07
353 6218.841864626174
354 533727.0224470457
355 19.0
356 81349.33669964965
357 0.21832844849429014
358 1866216.417984
359 19.0
360 758.4883712946357
361 8405.037733490522
362 541.6414427888658
363 70132.82519988391
364 0.0004387174951499672
365 5611.729335468491
366 2648.822443726992
367 8.673179303492706
368 1866216.417984
369 43437.45881186188
370 1.560642559907449e-05
371 2013.4583007193457
372 123454.97950106453
373 13.74243585765848
374 107740.42281101368
375 0.08426009282185877
376 38291.88749569666
377 7.999826461758674
378 110264.31889283465
379 15.264478078652134
380 41.165534177275234
381 145.49522119933113
382 845772.5651839997
383 0.009833299227307097
384 888903.7981071254
385 0.0001713330220590825
386 926.6974070162688
387 1866216.417984
388 0.27972810607776893
389 211.89305532364492
390 1439716.4865651194
391 5.598024764008603
392 1866216.417984
393 395.5102630524498
394 5.842215313387026
395 8.9240744931328e-07
396 159102.8106567157
397 7288.7992427181025
398 8.913010779324249e-07
399 1677.4558343084084
400 47.990647294380004
401 19.0
402 337.724975594487
403 1124.3513822572022
404 4721.628109567689
405 10.889966764023477
406 886529.3579277179
407 23621.128156021816
408 1562.3153977096676
409 11252.94973323217
410 6.695494336819344e-06
411 19.0
412 52.06506226703015
413 286.20224369553415
414 145.732108307965
415 67480.15608496444
416 15888.315573906893
417 3052.088910966074
418 15.429819745204544
419 0.0964459234877597
420 531.7211687079198
421 168.57452272470826
422 0.28792530129913035
423 23.245582432371723
424 6566.0699900638965
425 1734710.6349993171
426 1866216.417984
427 18.991767943418175
428 0.06032703987044982
429 19.0
430 257901.61276342062
431 806546.5217016285
432 149.06183417060925
433 493.78604238756986
434 1866216.417984
435 845772.5651839997
436 118.61196370530087
437 19.0
438 203968.26960833988
439 118.42751696475301
440 119.27897809197239
441 105034.39630581699
442 6462.129598729413
443 44221.79472224597
444 5.417128802183074
445 87720.90086222609
446 42769.215896421316
447 6.444804376965522e-05
448 98469.87067678291
449 0.001956759666022438
450 415.0705337598605
451 1454.3889113889811
452 1.1704265642351432e-06
453 68314.27967270448
454 17938.21685468749
455 65.91338268666364
456 139.35292566742382
457 0.7856043402298855
458 19.0
459 19.637010873732283
460 6241.840291235387
461 133679.7475677785
462 27920.336876414487
463 81428.38359917772
464 0.0013295715683265062
465 24.604038652628542
466 9902.645990918294
467 2.606608424676054
468 19.0
469 53.19872904187165
470 7.724056573709327e-05
471 70.74404150008073
472 313286.96453787887
473 178.14527669057273
474 88731.99772029962
475 0.17767299943930603
476 9959.593677490278
477 37.321236535136336
478 147670.36402204027
479 16.45092163411109
480 4070.3830146628366
481 188.32280043127957
482 19.0
483 0.008193711730444626
484 878450.7223856824
485 7.886616483482205e-05
486 17244.291326047056
487 1866216.417984
488 0.446994374971024
489 347.22497405832735
490 1575177.8081242421
491 28.736986436554993
492 1866216.417984
493 1.3534309725747056
494 27.719326173745568
495 8.963748988350947e-07
496 893740.2907675818
497 19.069850572405045
498 8.91302976907773e-07
499 19688.881202434382
500 19187.62417521348
501 29005.942412618027
502 195.49644803201025
503 92.39635526635942
504 103.27748736478512
505 13.501345755204776
506 1631.3165738412831
507 1363940.6859233691
508 12712.35447963322
509 59.4174897283977
510 1.8495834318635848e-05
511 1271.6021544607906
512 128.13221388076437
513 414.70673545615057
514 1908.5064439491819
515 845772.5651839997
516 230619.67718075876
517 1378.607577227419
518 41.13598859376359
519 0.07222059021091101
520 14511.998380668809
521 648.4262320106044
522 0.31304476577117873
523 21.53794743878537
524 75609.68856397628
525 1866216.417984
526 1866216.417984
527 6296.856169166892
528 0.11402055538654042
529 123.16892233703085
530 35252.37420359119
531 845772.5651839997
532 343.7610539339102
533 8922.84847874723
534 19.0
535 845772.5651839997
536 366.9948395945313
537 673.8216547632323
538 35.121904365145454
539 285.5157540069778
540 742.4554913075023
541 52829.61147624805
542 68841.8363086488
543 955314.1482559269
544 11.903412716748928
545 50.34592826308977
546 5038.359510712087
547 0.0003101787489907401
548 5888.8145695694175
549 0.007612648509989395
550 7472.467875174955
551 1358.607548712654
552 9.329829026700756e-07
553 1296.481616619189
554 4359.444241244575
555 67.6936557686472
556 120.15836811609094
557 3.7700578511803045
558 86653.68034551913
559 106.2896487614689
560 115.92961845951704
561 123.44794139025252
562 1052906.9724771683
563 1866216.417984
564 0.0002003529062939986
565 598.5184425566576
566 382139.6172217501
567 10.064022379725973
568 10108.917681256378
569 382.9075738166565
570 0.0006375724947602097
571 122.91621701886119
572 334148.0619935477
573 94.26741321867236
574 1275433.1347839998
575 0.01058594219957671
576 1852.3152124020928
577 35.92701214325321
578 83976.7038510049
579 36.43153018137076
580 21169.189123738666
581 133722.1354399934
582 213.94486661990436
583 1.1147316824974071e-05
584 1084.4037468387526
585 0.0001956504793991158
586 206.41762237534985
587 6728.684393726943
588 2.832850583336331
589 3230.8581557030743
590 1578163.1516694613
591 70.13454358557614
592 1866216.417984
593 0.08097516112270058
594 59.83051786737726
595 8.982546963440995e-07
596 215.89463008000197
597 11715.76310421806
598 8.913078136843236e-07
599 369171.0234935122
600 61607.98507954701
601 74.08034489607599
602 207.93817521154176
603 242.57135832222386
604 20626.175189219073
605 60.94176881260118
606 13417.391596160356
607 1866216.417984
608 35408.19146331922
609 4.274245202367465
610 2.8887204855045102e-06
611 123.36663208901467
612 3539.757248407243
613 2187.568237746613
614 53800.73188945249
615 19.0
616 2968.7113377147766
617 77883.79189207539
618 209.26862490790836
619 0.9036910552608077
620 239353.43531308448
621 42.09966415842312
622 0.16415998291618278
623 2.1052690687250104
624 146266.88970655628
625 19.0
626 1866216.417984
627 89172.63095230267
628 0.17597135567408598
629 40.432511177857755
630 8482.25036825861
631 19.0
632 1194.6129890782381
633 5.246923468374211
634 26809.155418841165
635 19.0
636 72.88134720801364
637 1989.7448247385332
638 567.1406407653526
639 48.78151067430541
640 74.36845762136657
641 8642.043608083426
642 7327.282751389979
643 2151.554802648062
644 15.953830914829675
645 2337.34113834919
646 10877.216654443502
647 0.0015375804814153529
648 1262.4089434861025
649 0.021773441639690132
650 40745.94967424547
651 12.531905565825069
652 1.25450793045429e-06
653 3948.4742724793095
654 15544.655989924351
655 35.29487718352149
656 404.9119948446705
657 20.565015804548477
658 65.15276957192478
659 120.71539942409224
660 1022.144646870073
661 2741.3064557720563
662 1866216.417984
663 1866216.417984
664 0.0001189855472254356
665 8186.430988517745
666 719206.7627688788
667 46.78308484785272
668 1659.5942133205224
669 2164.8051906961246
670 0.0032072490050001796
671 6232.977813163323
672 102978.92263710244
673 866.7880837093298
674 1275433.1347839998
675 0.00523357072356451
676 40.53864184025143
677 176.27701842026693
678 12903.891851488477
679 57.61626252606209
680 7.975415620540034
681 684555.1530586851
682 639.730851607184
683 9.812379335642721e-06
684 3266.214221103363
685 0.0002498683269425992
686 477.0288646431093
687 329777.8638007146
688 0.1198127723805327
689 41588.703126747234
690 216.91409415704157
691 123.3204683387052
692 1866216.417984
693 0.5754762492112362
694 59.95909028888185
695 8.958193575242756e-07
696 31585.50048797807
697 86.66107407378745
698 8.913177816384476e-07
699 845772.5651839997
700 235.5637375476062
701 1132.3365252792757
702 2648.2042404293747
703 1607.2841709296813
704 68.78257392674901
705 35.614690173391104
706 245902.86212592004
707 19.0
708 1866216.417984
709 6.667356905700234
710 1.068915977888766e-06
711 580.016175124879
712 30742.879430567322
713 37842.19301859593
714 845772.5651839997
715 38086.85760816064
716 547.6538896093037
717 116.43521813158203
718 2286.610533756819
719 0.0050771532016097055
720 845772.5651839997
721 90.02807119936394
722 0.678202637533555
723 14.508013756100473
724 32037.570850649954
725 8318.857279753802
726 19.0
727 53942.38383050074
728 0.5694101115652719
729 592.4354149036429
730 2962.7848606819566
731 47.25542851172968
732 49.336402731446405
733 37.55719071785531
734 1176031.3049673773
735 9799.878320724207
736 137.29664422473488
737 13.357999648305604
738 119951.83630270742
739 75.06463408010804
740 122.52669932942034
741 353291.9458446178
742 30562.61268280378
743 19109.761016971628
744 61.8414966010255
745 119880.40864556073
746 62637.74034495275
747 0.0031478522250846987
748 10854.815440506081
749 0.12191738344728152
750 12309.521685144922
751 53.36497162179479
752 1.0423609596539549e-06
753 170.45518094468616
754 2419.0251040329276
755 29.862363932563408
756 4964.561850648592
757 41.123990637502565
758 78.58173838154725
759 172.23791776583215
760 7.146339714805282
761 17727.184219296676
762 19.0
763 19.0
764 0.00015003435296189518
765 219130.99071422376
766 820929.4165625373
767 114.87670000141856
768 1258.3664117425478
769 61.59038387404616
770 0.013840022679574713
771 12.715792959134234
772 609514.2244828719
773 44681.28713244955
774 1275433.1347839998
775 0.0019336113651665463
776 543.2946497564187
777 79.93159181035273
778 133136.58358768743
779 120.36023853201837
780 24.843359257715555
781 79.11929540971202
782 3397.5993878234003
783 2.8074641999879717e-05
784 1065.8561259729447
785 0.00025709260458383997
786 4830.9771811816
787 845772.5651839997
788 0.08617874205976148
789 2114.7057965941285
790 59310.300713396085
791 60.28339408130831
792 19.0
793 0.05321987380700461
794 166.85880910968598
795 9.060775044707491e-07
796 59.87491031450363
797 109.05999292688014
798 8.913600567207558e-07
799 19.0
800 4066.9999560889078
801 122.43513136581669
802 18.08036344619612
803 96.05462190053336
804 2397.0661051845022
805 97.85665689135713
806 11868.034753508253
807 147321.92276881085
808 19.0
809 22.7432633245432
810 1.0373956810759087e-06
811 111927.40555365515
812 96878.20298207525
813 281525.9370061319
814 845772.5651839997
815 3298.531374263619
816 1047.957756302849
817 37.91973872598816
818 1140.0179352030796
819 0.012372911085714552
820 19.0
821 459.64265990584437
822 0.07036519207091252
823 123.46448230547038
824 60015.646111454145
825 237.84877244446267
826 57414.96667724138
827 1358352.6032244263
828 0.5014640628918179
829 91.48335841389229
830 66012.2220257074
831 16773.615887104952
832 2063.577337487148
833 0.7181644858083688
834 1866216.417984
835 26.038507981815222
836 1561.5343466886895
837 4.049541161888662
838 1122634.0162530555
839 778.3389347620914
840 453.6774835481259
841 1866216.417984
842 1139.83060923962
843 1525.9088057344634
844 377.29102017626246
845 1866216.417984
846 16358.018158817087
847 3.5536392550408803e-06
848 68785.10704413979
849 0.6029523009186828
850 258406.3209233147
851 119.34160255045128
852 3.3205489235476554e-06
853 1702.813858273006
854 3871.444843547852
855 311.082753812371
856 3633.158487806383
857 878.633725587379
858 1212.4081572552004
859 3601.5235091110612
860 4.600149426063646
861 123.10725493597627
862 116530.97817388237
863 44566.7745306835
864 1.5610457310526075e-05
865 17304.95984700375
866 45574.311661748536
867 26.823439615166652
868 118.16703049653444
869 160.49225533368403
870 0.0771614805672712
871 219.1808348667076
872 622.8573674417156
873 175108.8137661707
874 19.0
875 0.0007973516535989529
876 2847.6199542682666
877 90.8227553904813
878 125454.61293681106
879 684.746479093915
880 41.393313119402606
881 921.343393429253
882 121.1813409727087
883 1.4660064353995074e-05
884 9171.434937003416
885 5.753566207119138e-05
886 149919.3535674568
887 845772.5651839997
888 0.4532356083872318
889 81.32016237221065
890 924.0508721885616
891 7190.735523225625
892 13790.772633138191
893 0.24128132227668594
894 104.32502575453361
895 8.919923662145448e-07
896 154.02032805232278
897 745.9432380274113
898 8.914716253732153e-07
899 19917.356194411255
900 230982.23853977156
901 19.343624353233437
902 226.12805891921482
903 121.92924737511179
904 27901.81562991071
905 2489.49115663566
906 35135.497255977345
907 1866216.417984
908 11387.574598257635
909 177.91563248889443
910 9.20753763076824e-07
911 21.711644741084022
912 13363.175834993626
913 59663.974162286206
914 19.0
915 346297.0814020492
916 80.11792605439354
917 29.537092494304147
918 11059.423891537135
919 0.0030856008907008316
920 18120.199071150477
921 40.84225786713726
922 0.13479825129419012
923 28.614359845755732
924 4157.084593627985
925 5991.32910177478
926 845772.5651839997
927 1866216.417984
928 0.09707918866821909
929 104.4186714054992
930 243894.7346741895
931 299517.0711368173
932 819520.7915344489
933 2.196103129329078
934 1866216.417984
935 17430.21570458505
936 26560.43116460675
937 6.87775133168673
938 1866216.417984
939 3708.9360208454395
940 9986.572397028074
941 19.0
942 17.072686438536415
943 6311.42408478935
944 12107.268346317613
945 1866216.417984
946 234.86789408772793
947 9.154229525163173e-07
948 16270.855132525654
949 0.020384549705221647
950 12309.521685144922
951 123.46920247251548
952 2.7192456843942454e-06
953 30049.28357949035
954 4783.759643765972
955 116.30925851827473
956 2033.8093583560756
957 6856.131100169407
958 44707.207211582194
959 59.199651929794044
960 65.07555225203302
961 227.39427519024244
962 845772.5651839997
963 356.935650106478
964 3.4754052042833116e-05
965 185441.34926590495
966 348344.10410148057
967 1095.8132603280624
968 2464.4585885799434
969 10.70626980398517
970 0.4448016297013171
971 1049.4735323122563
972 7348.3636018926145
973 73867.23388797788
974 1100.32518397188
975 0.006338773942784761
976 24323.246117172297
977 0.036018568956965764
978 154765.6030634847
979 7473.579536911442
980 126.57494445993198
981 1712.2627174281583
982 70.4666870973636
983 3.850113648830367e-05
984 1463.3371153145858
985 0.00021172813590457267
986 24748.247319236867
987 845772.5651839997
988 2.382143390960406
989 85.61101703212056
990 60650.26490359388
991 666.3108396132219
992 713797.7711055179
993 0.27901016855367794
994 2790.306012883047
995 8.914908395314463e-07
996 521.4717323318124
997 7320.441168976427
998 8.9126748642538e-07
999 2297.4169692235055
1000 34993.44000226724
1001 40150.589270641365
1002 77.83679786391878
1003 23.969231142735573
1004 140947.35719785737
1005 343.2351986284285
1006 4363.389598392685
1007 1261.7486690837436
1008 1537037.6889865147
1009 106.7839500192705
1010 9.305185846268648e-07
1011 1508.2029410544571
1012 61884.55358429857
1013 1052.1318251823036
1014 13590.280453317842
1015 1866216.417984
1016 98.08974442963542
1017 345.6684689259123
1018 8195.717180624168
1019 0.0016525204059178599
1020 1715582.742887192
1021 0.003125532154613314
1022 0.8442873099411541
1023 134.5982214513205
1024 31255.665576462652
1025 38.048204896513305
1026 19.0
1027 19.0
1028 1.4834541938595607
1029 6445.421447539631
1030 285650.5326792835
1031 8633.862143753708
1032 4.703499413720823
1033 6.786802765077696
1034 1866216.417984
1035 218382.8183371384
1036 1174.3134306727231
1037 64.67054548661605
1038 1866216.417984
1039 94.34014006514587
1040 1866216.417984
1041 14078.371731383151
1042 235.72640334421482
1043 138861.13857739052
1044 3495.1527978792146
1045 1866216.417984
1046 13063.622787262404
1047 1.0824193722134663e-06
1048 15356.746549156343
1049 0.10129479818961777
1050 167636.56626648156
1051 18.813904445736178
1052 9.871593686185924e-06
1053 10637.47072575845
1054 3554.004558713269
1055 1.905808681905347
1056 177.48011024641914
1057 50419.106395862764
1058 727.47586037306
1059 332.56585438717326
1060 49.09797058767656
1061 1420.4581227732756
1062 845772.5651839997
1063 64595.78341946078
1064 4.532382009969538e-06
1065 1866216.417984
1066 1268141.7548891755
1067 118.21400835442832
1068 118.94346192320343
1069 2.2571242947733303
1070 4.973942935214183
1071 59.06149307374023
1072 1474.9190188728187
1073 3562.224213390002
1074 87.74549204047057
1075 0.028956489901119542
1076 517365.63715210336
1077 0.3883068497161448
1078 115544.75221406863
1079 21.941431210996015
1080 585.9096116448123
1081 42243.27501458754
1082 891.3399510869007
1083 0.00023635007878758656
1084 18529.845182364035
1085 0.0009988735589801121
1086 57.937848778270265
1087 845772.5651839997
1088 10.071752605943837
1089 121.85906418806098
1090 4416.20985615103
1091 61037.71455080428
1092 123.71703482416858
1093 1.4773695393566877
1094 3.2119369391589445
1095 8.918118948624555e-07
1096 827.6565604759695
1097 33339.53607130695
1098 8.912723077400679e-07
1099 10836.412825190742
